297
320
303
333
135
301
91
425
242
166
253
98
119
428
134
414
414
412
412
413
412
409
392
392
385
390
390
391
391
363
219
208
123
278
274
277
273
252
251
197
196
145
141
149
148
120
119
454
417
453
452
441
416
415
451
404
414
265
259
264
342
341
342
341
340
339
342
339
338
339
338
339
338
337
339
336
338
303
337
302
336
303
302
339
301
300
339
303
300
299
300
299
300
299
298
300
297
299
298
297
300
300
160
157
157
342
340
334
343
342
337
340
343
284
287
190
77
358
354
360
349
347
313
309
315
304
302
259
255
261
250
248
178
133
79
744
741
547
376
373
252
251
265
262
225
179
424
423
432
394
393
361
360
402
369
337
327
336
326
345
335
150
144
152
139
137
145
684
677
440
433
387
367
360
351
106
262
218
218
174
156
115
113
60
150
151
133
134
114
147
92
239
240
244
245
238
239
220
212
376
335
281
157
145
156
390
390
369
369
369
369
293
293
311
290
290
214
125
107
112
133
138
117
122
93
98
105
110
264
261
243
248
187
184
166
171
72
472
473
477
473
477
240
244
347
335
315
303
286
230
112
227
224
224
230
221
227
93
209
195
138
124
110
131
109
146
145
111
97
49
837
836
833
832
764
763
760
759
324
320
540
539
514
513
519
493
387
386
366
207
333
340
236
236
245
243
229
132
132
102
547
543
543
536
532
532
274
270
270
385
374
302
332
291
321
249
312
238
848
847
825
825
824
824
620
619
603
586
576
541
524
514
117
100
296
298
287
255
257
246
209
168
396
260
274
250
228
223
191
451
452
404
405
287
193
427
439
425
285
126
105
253
253
256
253
256
253
174
173
174
175
174
175
176
162
155
100
102
62
81
101
61
332
345
300
279
292
247
176
189
151
164
144
119
597
591
576
549
532
543
528
526
511
230
641
573
562
546
494
478
434
355
339
479
435
430
325
281
276
251
207
202
377
345
288
285
246
256
196
214
154
511
463
455
452
448
407
404
400
513
447
430
293
227
259
210
217
206
204
144
142
157
95
550
545
530
525
425
405
315
316
313
314
192
193
416
372
290
272
233
189
368
368
369
355
355
356
512
510
515
513
417
268
267
264
263
154
305
311
302
308
184
224
134
95
87
57
182
184
181
109
99
136
126
108
98
355
356
349
358
350
346
352
347
349
488
490
483
481
485
483
476
478
624
617
618
595
588
589
513
513
511
511
513
513
352
345
317
310
234
227
404
405
357
358
171
172
225
222
191
228
225
194
213
251
241
181
157
171
464
223
46
46
46
265
267
265
267
263
661
661
166
95
207
207
202
169
83
81
84
83
490
501
493
398
409
401
459
453
402
396
345
339
356
378
295
317
267
289
395
369
294
268
240
214
271
270
272
271
261
262
254
231
241
218
201
178
217
198
175
171
152
129
206
197
158
149
162
153
218
193
185
160
120
87
157
154
132
129
58
55
154
151
101
106
98
103
99
442
380
278
216
175
411
411
393
393
334
332
333
154
153
323
323
308
287
287
247
247
247
156
156
264
227
192
155
170
236
102
90
102
90
173
171
140
138
108
709
704
695
690
645
633
535
245
664
675
657
113
414
413
415
414
459
431
231
169
563
470
259
143
381
333
258
249
341
340
343
342
297
317
254
227
351
351
325
121
319
310
313
129
276
273
224
76
220
221
203
48
296
295
212
145
248
234
215
212
321
234
224
215
232
227
91
84
517
351
372
204
176
79
276
171
159
143
239
154
154
74
240
241
162
75
238
166
139
95
154
148
150
134
211
188
188
78
135
129
134
133
207
136
130
106
206
157
75
71
284
286
293
344
340
180
178
178
153
153
153
87
88
88
121
130
117
126
76
85
779
766
392
379
89
123
122
131
122
130
219
214
166
161
71
214
201
200
187
719
696
502
479
629
630
586
587
452
452
449
449
486
486
452
452
536
527
525
516
436
436
429
429
386
380
365
359
378
377
388
387
345
340
321
316
353
350
352
349
262
240
263
241
358
359
240
241
287
289
275
277
336
341
262
267
343
342
309
308
256
255
251
250
295
286
281
272
329
328
115
114
209
190
131
112
225
223
184
182
231
233
224
226
243
192
145
108
220
217
213
210
207
204
152
149
213
211
181
179
440
160
102
68
182
186
170
174
177
174
92
89
129
131
105
108
193
140
86
88
167
164
107
104
160
166
160
166
162
153
148
139
145
156
108
82
113
112
99
85
934
934
640
636
635
556
451
451
439
441
441
443
677
674
94
493
493
492
516
512
201
447
446
368
411
412
412
463
464
466
348
349
293
394
393
394
485
488
198
316
316
315
372
369
373
444
440
168
365
362
80
293
287
266
350
351
105
312
312
309
355
352
223
224
222
201
327
289
77
292
291
292
310
309
166
332
329
88
245
245
243
234
221
223
390
332
218
166
165
244
243
219
190
189
189
265
267
215
241
241
53
323
202
167
163
159
197
199
113
259
260
86
308
100
95
130
130
144
115
115
55
142
122
123
117
59
93
93
91
98
72
74
80
80
499
500
388
389
429
420
340
331
686
673
106
93
483
478
262
257
510
475
281
246
337
299
302
264
406
410
322
326
302
307
277
282
347
339
292
284
278
264
193
179
378
363
357
342
207
204
189
186
290
295
251
256
267
269
254
256
457
383
162
88
396
346
234
184
369
248
249
128
293
288
232
227
431
393
128
90
331
316
230
215
367
264
239
136
262
244
203
139
284
225
231
172
377
383
126
132
324
333
96
105
248
235
224
211
256
244
234
222
239
240
209
210
269
266
264
261
231
230
211
210
222
225
219
222
286
259
115
88
326
319
139
132
269
213
154
98
178
180
179
181
255
245
177
167
203
180
165
142
204
166
120
82
351
308
130
251
253
92
94
228
199
131
102
200
164
173
137
223
211
67
55
183
173
90
80
159
159
101
101
137
105
103
71
164
168
135
139
116
113
114
111
153
125
141
113
130
128
113
111
115
108
68
61
110
100
95
85
134
101
86
53
84
84
86
86
71
63
48
40
496
469
134
502
387
187
494
422
107
434
393
314
361
362
312
447
373
234
532
433
425
462
329
268
555
301
294
418
346
272
515
266
276
534
374
518
233
155
339
283
230
307
311
286
347
319
321
328
299
259
331
329
84
343
153
197
417
330
94
507
276
190
351
177
168
325
275
281
323
316
210
320
228
183
411
334
87
298
296
184
318
313
248
261
250
248
390
297
130
236
223
134
403
264
93
447
146
67
254
250
212
546
103
64
329
301
127
428
226
56
308
166
171
352
271
146
306
264
131
399
156
125
324
262
252
213
191
154
269
258
166
227
270
59
282
301
92
208
207
197
260
188
164
232
204
201
378
214
79
179
166
167
239
196
108
259
233
180
260
182
100
212
184
163
218
231
98
226
153
158
334
186
101
226
227
138
277
220
97
260
249
112
185
165
176
251
235
147
284
148
126
205
189
75
183
184
138
265
101
126
204
184
123
255
235
131
220
181
69
192
176
94
192
161
191
177
158
113
179
177
177
394
159
248
204
120
279
235
91
316
196
66
195
188
63
117
107
77
129
128
128
180
186
173
131
105
63
173
156
90
122
123
100
180
140
96
181
113
114
144
136
93
131
117
72
179
161
115
150
115
102
100
100
69
126
133
70
123
124
100
125
103
97
119
62
58
128
103
72
106
101
85
116
99
69
140
128
92
102
98
62
360
348
143
353
405
183
455
437
437
347
323
328
483
317
134
387
376
372
436
417
205
433
333
250
343
325
298
241
241
199
425
189
143
330
293
302
258
223
224
309
283
108
404
169
152
293
158
149
430
431
312
193
82
339
139
88
255
251
94
398
129
121
199
184
181
168
168
118
174
216
119
179
214
82
158
151
130
189
144
102
213
79
72
133
116
106
124
121
113
110
110
107
115
115
71
133
67
60
94
82
93
113
79
78
90
86
76
102
73
61
802
806
769
769
723
718
564
562
641
635
599
597
596
597
630
629
652
651
570
569
581
581
629
631
535
536
596
591
569
569
601
600
429
425
476
466
522
522
439
437
588
587
414
414
453
447
528
519
566
554
438
435
487
483
477
475
474
474
362
365
470
405
416
411
501
498
488
488
467
468
410
410
470
461
449
413
412
399
464
465
454
447
358
355
370
371
387
383
469
466
391
391
389
396
360
360
451
453
477
480
412
413
518
518
409
408
377
356
363
365
369
367
437
440
390
394
332
334
475
335
436
436
418
421
386
386
308
308
303
302
416
417
398
401
407
406
438
429
522
278
377
370
465
468
281
281
374
374
392
313
310
310
396
296
289
286
358
356
311
311
510
488
417
417
384
380
371
370
335
331
408
405
381
377
338
337
400
397
346
342
341
320
313
288
321
318
337
332
327
328
390
391
245
244
334
331
273
271
329
325
350
349
248
249
313
310
329
327
278
277
305
281
313
314
365
348
280
281
312
310
282
272
291
288
323
320
295
296
240
242
295
277
357
358
267
265
304
304
308
302
290
137
290
293
329
325
307
306
271
271
305
305
180
173
249
249
283
281
525
227
227
218
220
248
253
201
179
201
198
202
203
219
219
209
209
156
155
261
261
216
218
280
274
255
248
287
256
226
210
215
179
192
191
182
167
287
266
270
205
240
242
239
228
208
206
263
263
195
194
220
214
188
185
172
171
192
189
206
214
180
175
164
164
183
177
261
263
264
264
192
184
200
196
213
212
173
142
371
166
167
202
193
172
173
200
205
206
207
234
231
193
173
252
253
205
163
223
220
186
184
294
143
141
183
184
194
195
387
155
155
193
193
198
193
201
200
167
141
179
180
149
147
230
232
200
198
168
158
192
189
107
104
353
115
113
143
87
128
131
116
107
137
137
162
163
173
175
144
144
124
115
165
164
158
150
113
112
247
161
162
121
118
169
169
205
98
96
100
99
206
107
101
138
127
100
101
108
90
112
107
94
86
245
101
103
110
108
102
101
102
87
98
102
118
104
150
98
97
144
66
63
140
98
117
99
119
81
818
804
806
767
713
696
641
623
1148
647
566
562
503
477
672
650
549
543
805
791
526
517
630
516
565
550
551
548
688
681
517
506
619
567
515
528
462
459
691
529
603
512
469
312
524
506
537
424
516
466
789
402
470
471
571
565
554
391
570
572
439
419
538
539
626
640
563
520
600
366
520
494
582
307
551
305
673
309
436
437
512
481
557
402
427
400
503
448
550
551
510
307
516
315
498
343
651
337
445
440
419
408
405
302
664
211
398
399
617
192
484
290
497
367
448
447
615
260
462
458
562
236
410
407
481
449
469
369
488
479
430
234
388
377
436
287
430
421
455
457
398
386
377
376
485
364
521
221
382
389
388
387
807
73
427
425
402
381
518
231
492
356
436
361
547
392
289
268
363
359
535
217
413
412
676
163
448
424
532
166
388
383
345
334
447
366
596
290
463
449
326
265
362
334
384
324
581
362
459
157
437
414
528
150
446
392
530
114
418
239
446
433
375
360
590
296
410
334
464
434
526
358
471
295
363
345
459
136
352
357
678
90
531
259
405
217
315
307
340
291
362
347
492
154
530
236
437
404
412
331
437
329
344
319
457
434
389
321
406
404
581
419
393
393
302
276
508
303
340
328
323
310
387
259
584
104
346
345
337
310
423
414
456
297
318
310
442
389
481
325
383
379
344
335
315
284
487
291
366
356
348
318
390
241
306
268
293
321
373
366
378
377
404
282
335
295
397
337
379
217
333
253
372
374
331
300
434
303
295
290
304
287
454
132
390
295
302
299
354
247
484
137
388
269
411
298
454
169
372
297
312
311
405
300
437
282
313
304
344
348
314
277
269
251
361
220
453
146
512
221
359
341
289
354
356
332
418
402
425
169
383
377
336
321
413
251
635
103
364
347
300
257
474
235
424
175
294
277
386
258
343
192
373
216
351
327
368
271
354
317
348
336
386
151
387
303
358
355
415
199
298
272
309
303
330
238
260
253
290
287
333
219
375
230
365
152
357
241
301
260
428
147
338
172
283
282
365
334
317
283
328
182
301
305
309
298
569
198
345
192
311
283
325
279
270
265
362
314
246
249
331
116
333
316
431
157
343
323
262
265
314
291
318
306
412
256
232
222
310
275
308
305
341
310
314
285
306
268
361
332
295
293
301
314
327
314
264
235
274
245
296
206
322
259
290
282
283
277
334
256
297
213
299
289
275
228
283
300
276
274
295
256
288
270
283
283
429
253
267
257
284
168
476
167
249
253
266
240
351
312
511
210
263
226
280
251
298
285
332
297
433
172
310
270
370
98
279
148
326
158
331
248
360
222
217
222
364
278
307
279
343
335
306
255
252
252
309
298
319
183
292
248
273
258
221
203
287
241
251
201
223
191
305
284
264
257
374
289
279
275
279
248
273
234
345
353
221
205
247
246
279
244
347
118
250
227
223
206
260
132
269
258
347
235
297
297
375
105
285
273
389
233
399
147
261
179
233
214
326
214
462
70
335
315
413
116
266
127
284
239
225
209
391
117
276
258
458
69
261
258
224
166
375
109
299
296
333
169
198
197
231
231
354
151
288
286
282
205
285
228
252
234
281
246
255
247
273
186
381
118
330
260
221
223
324
326
263
250
454
95
288
265
283
134
262
152
269
266
239
203
254
229
390
109
287
234
292
141
231
213
381
97
430
80
270
191
261
178
311
250
258
231
277
235
209
196
282
293
337
195
267
265
281
267
303
255
272
243
241
240
275
255
206
189
262
246
329
202
276
237
208
208
321
189
232
206
286
266
359
194
257
230
294
154
205
203
235
200
280
243
292
289
271
233
316
222
249
226
235
204
241
199
220
218
237
158
259
253
268
237
288
156
211
203
224
219
209
208
238
223
260
243
292
276
229
223
280
84
262
197
317
169
204
167
212
179
217
217
240
239
375
111
276
212
222
126
295
239
322
131
356
167
305
142
266
253
376
107
284
132
218
139
309
113
280
203
259
63
282
176
231
112
188
175
247
246
327
153
187
186
205
205
260
212
208
164
410
125
219
215
249
244
302
84
226
135
320
79
224
231
204
190
248
185
274
209
289
268
197
173
288
257
285
177
233
155
214
108
364
123
338
165
177
175
317
85
180
141
245
218
219
210
249
251
210
196
327
150
400
130
212
190
196
180
281
198
207
191
200
196
215
210
313
116
251
187
187
126
179
187
250
148
160
158
241
187
268
108
287
129
169
164
226
204
282
134
398
83
267
56
240
169
254
199
179
170
206
168
199
201
216
185
280
83
244
223
180
180
191
177
299
88
244
211
210
101
293
150
202
206
318
132
255
234
216
163
286
185
227
186
184
177
225
217
293
158
343
99
212
203
348
153
303
182
226
207
219
151
332
63
228
225
203
198
219
213
335
125
242
234
189
189
191
126
182
177
157
149
167
162
215
202
278
103
228
181
259
125
230
204
201
175
231
141
273
79
229
200
186
182
225
237
263
173
287
107
183
179
249
236
169
172
228
107
229
143
234
110
193
83
272
254
261
140
194
199
266
115
176
179
204
140
257
195
150
148
225
72
217
186
168
126
236
134
212
185
176
149
302
103
240
117
154
164
295
129
149
146
239
165
146
160
218
194
330
146
211
196
216
167
183
194
286
156
203
183
203
205
274
50
179
171
173
172
174
164
277
150
196
185
291
106
204
198
159
147
235
83
193
188
216
207
174
156
165
169
342
126
223
164
184
183
183
178
139
127
217
180
243
118
129
132
221
160
225
192
277
83
166
126
176
159
248
113
242
165
198
188
229
88
219
79
267
128
249
107
204
84
244
199
222
187
139
129
227
37
194
131
178
145
145
127
181
164
187
188
211
213
246
189
295
99
185
131
228
216
186
170
311
130
158
152
248
55
216
149
268
82
241
187
166
143
223
219
198
187
264
147
211
159
169
169
181
116
320
198
179
146
262
122
231
221
185
158
194
150
236
84
186
172
192
119
210
178
156
147
146
140
204
148
206
163
175
156
253
91
213
105
180
163
187
162
167
165
251
87
203
162
184
166
213
99
200
156
165
161
230
106
171
147
251
63
234
76
188
186
237
194
179
168
177
168
198
166
180
167
211
207
218
122
241
162
168
157
241
195
244
124
312
78
195
129
183
162
190
172
216
109
203
141
161
157
197
127
178
161
176
175
143
139
230
119
170
148
206
173
163
67
159
153
162
158
197
174
226
104
251
141
191
186
198
159
155
156
170
156
179
170
133
126
313
81
139
117
173
164
187
97
174
156
188
178
139
98
248
149
181
89
134
124
160
147
122
134
208
115
196
180
157
147
278
60
218
109
201
85
165
117
214
54
170
140
257
113
156
140
190
143
188
162
149
142
142
97
155
150
152
168
221
111
195
97
278
76
193
116
173
88
186
144
150
136
181
157
149
147
129
70
171
174
244
169
170
162
138
125
123
133
213
59
196
148
129
118
118
105
174
127
120
116
135
103
176
78
148
102
252
41
167
114
138
109
148
132
161
125
257
113
181
135
167
141
176
178
193
166
216
117
211
98
215
141
148
94
166
167
120
119
172
155
182
116
232
186
172
111
120
109
171
160
257
80
132
132
139
123
200
95
128
121
133
125
204
142
122
110
179
49
171
105
165
85
139
148
191
90
166
145
123
111
190
157
136
111
127
122
157
98
148
131
149
124
181
146
150
116
164
130
196
94
148
131
138
85
167
96
113
105
197
66
129
131
151
143
117
103
153
112
178
113
171
122
166
112
185
129
184
117
200
103
168
74
176
171
181
114
134
125
210
79
119
87
119
114
170
143
144
134
180
99
124
122
133
113
159
140
171
163
117
120
139
125
133
124
151
108
156
156
139
104
121
95
109
105
128
128
165
101
151
84
135
121
191
81
160
134
122
123
172
104
219
98
166
116
116
63
134
76
133
120
133
120
174
66
109
105
181
183
182
120
161
117
138
124
133
107
156
108
129
93
122
67
177
148
125
90
173
172
132
76
165
107
204
88
155
97
194
94
165
154
175
84
124
127
152
84
115
95
142
70
119
97
142
128
159
119
148
126
108
106
121
66
151
107
122
119
142
102
194
163
192
82
135
131
140
122
172
105
123
118
138
91
122
88
127
76
150
81
158
114
123
123
172
99
121
122
138
100
181
70
120
109
169
153
130
123
128
83
148
137
139
83
137
122
219
102
136
101
161
64
71
70
142
98
159
136
159
94
82
71
136
70
135
87
154
125
141
107
117
105
132
128
93
110
142
99
123
114
122
113
150
91
109
109
152
56
132
79
154
148
150
98
138
111
106
100
121
93
192
78
167
101
136
111
147
125
131
77
143
94
105
64
94
101
126
84
108
104
104
99
127
83
154
99
118
87
123
113
159
88
121
72
128
72
139
125
149
125
128
93
171
79
152
98
158
106
164
115
135
86
158
84
111
96
134
120
106
91
117
88
110
108
118
97
145
91
134
64
155
101
148
138
109
97
125
56
105
92
156
92
144
125
175
86
127
65
209
81
139
122
163
106
127
116
115
75
137
85
96
98
169
63
115
106
108
107
120
104
122
105
135
80
116
114
109
76
125
104
117
108
100
66
154
136
110
78
123
92
151
141
188
51
145
81
108
85
110
118
102
78
107
78
87
84
141
92
95
88
84
71
125
101
104
99
108
106
138
134
104
77
122
102
119
82
90
82
123
106
95
94
105
63
114
105
103
82
90
100
141
48
89
83
114
82
91
89
88
93
130
124
97
73
150
130
141
123
129
103
81
74
70
65
105
105
99
94
120
97
101
96
112
107
118
103
118
92
115
107
120
115
153
103
94
75
83
86
99
98
126
110
119
125
110
103
85
44
112
112
142
85
114
109
98
93
103
74
110
70
79
75
102
62
110
87
110
104
154
138
90
81
113
95
138
99
83
87
97
101
93
97
102
86
125
95
149
80
84
73
123
102
97
99
91
120
121
107
128
56
98
46
104
81
85
77
141
74
114
69
126
109
123
68
107
80
114
90
128
88
79
70
103
103
112
123
87
77
102
108
120
101
80
63
97
67
112
108
107
81
90
67
127
60
106
89
96
124
99
82
91
90
112
122
123
68
108
90
81
82
115
110
88
86
104
77
88
78
95
79
104
61
73
76
116
45
97
54
142
89
126
77
94
59
115
107
97
64
84
82
75
53
111
102
123
90
74
76
93
120
86
78
73
66
84
72
116
79
104
97
68
54
105
81
69
83
120
84
94
75
103
104
115
76
109
80
141
97
65
63
102
69
131
67
98
54
91
73
74
66
94
85
90
78
68
69
101
77
75
74
78
76
98
56
84
82
104
90
93
58
79
63
78
54
101
73
111
91
137
57
83
60
70
63
77
55
102
62
79
75
86
75
91
101
102
64
55
42
81
78
120
56
79
79
85
43
92
64
89
76
92
88
72
60
90
93
95
82
58
63
77
70
67
58
81
60
85
75
76
69
60
58
62
52
65
67
73
70
112
50
104
85
82
77
79
49
75
57
70
77
120
60
71
38
61
63
80
58
68
44
54
48
67
56
69
69
88
48
75
45
70
69
99
18
91
60
84
36
49
38
80
52
74
54
44
36
25
18
260
111
149
785
448
375
173
202
235
222
102
85
66
67
40
1219
854
1185
1172
795
901
777
819
968
891
775
795
818
701
716
642
613
707
732
670
783
813
609
829
820
678
730
774
573
690
538
795
679
639
590
521
725
741
547
643
769
499
632
572
489
555
741
568
627
540
491
498
576
780
596
693
546
609
584
585
768
585
698
582
677
572
515
717
657
627
649
643
512
527
306
620
587
524
572
723
644
522
651
717
600
500
605
651
683
707
635
663
481
497
511
680
633
495
526
584
554
637
555
452
567
505
473
657
552
544
489
616
537
497
498
600
479
651
611
607
586
425
626
572
552
559
476
590
480
608
434
527
585
583
526
549
543
516
519
505
445
521
533
546
515
554
526
592
460
473
587
559
501
507
498
606
504
537
605
563
512
629
472
534
538
519
489
527
556
523
584
551
600
549
475
488
580
597
455
616
454
490
515
578
539
397
373
532
516
679
538
426
524
421
609
479
416
580
480
482
495
579
526
546
589
448
445
520
507
538
401
448
584
473
608
451
465
519
572
420
573
550
458
579
444
564
496
483
527
509
510
473
474
563
501
388
492
418
460
423
566
550
426
482
553
428
433
473
440
506
535
496
397
461
445
526
443
455
445
337
532
473
425
400
477
396
400
489
496
513
496
370
444
500
404
442
453
402
426
443
424
421
497
567
466
457
491
417
524
443
582
535
462
401
438
500
411
461
468
427
468
477
423
384
513
504
508
531
416
359
395
506
409
514
469
405
419
496
500
561
383
436
609
450
441
496
455
508
361
431
489
474
555
463
467
589
565
536
358
538
440
374
478
544
438
493
408
488
560
447
385
401
356
462
374
399
481
449
408
347
478
496
482
527
456
479
370
518
357
387
401
479
502
415
477
368
513
415
467
553
483
436
394
405
457
390
364
403
367
393
365
363
391
450
420
385
337
409
447
418
417
484
427
410
507
381
418
468
455
441
442
490
387
435
443
417
409
514
499
471
543
373
442
496
344
438
414
382
393
465
381
474
424
344
479
504
342
343
435
357
360
436
443
418
410
478
457
403
489
361
515
373
341
360
453
458
377
353
494
391
410
474
439
443
491
488
512
383
443
366
432
492
470
462
437
434
413
416
357
369
424
444
390
404
438
413
336
324
418
396
494
326
367
503
408
391
381
442
303
367
335
325
426
390
411
316
475
433
415
499
360
348
381
424
432
445
509
366
408
475
500
529
352
336
470
296
368
344
448
386
433
336
474
380
361
379
349
469
441
483
356
322
355
400
449
424
453
414
523
444
424
389
322
455
422
327
461
335
456
338
330
490
456
401
324
442
428
482
418
331
523
475
481
457
380
400
351
389
444
380
337
401
480
396
441
397
388
438
474
353
419
428
424
362
387
447
436
379
471
462
375
456
499
365
331
439
403
402
345
372
395
439
474
420
445
341
316
380
362
435
343
421
316
358
409
439
330
306
494
433
403
343
431
318
366
420
417
387
513
393
367
351
386
360
331
312
344
404
388
428
342
395
348
347
345
340
396
472
437
374
390
406
409
356
352
395
383
329
353
356
371
461
458
422
400
465
406
357
398
355
475
368
428
441
332
434
413
416
406
441
386
367
332
422
376
319
437
411
371
450
335
451
416
409
337
380
362
322
334
404
424
396
357
381
342
409
415
419
404
315
331
357
376
302
409
468
277
366
409
430
355
437
310
345
354
430
332
339
353
436
363
426
326
371
427
393
411
347
397
369
385
448
489
429
416
437
336
364
392
456
358
505
435
346
371
346
394
347
364
426
421
382
460
427
345
381
347
362
369
431
349
409
363
326
351
331
420
414
408
369
386
438
313
325
380
332
353
419
395
349
421
469
350
470
440
309
303
357
364
388
331
336
378
392
397
340
378
346
384
406
347
325
378
433
401
255
370
348
417
334
306
378
281
345
423
406
362
342
445
344
387
361
353
336
310
355
468
345
356
334
382
401
487
277
289
462
370
373
316
421
339
296
383
399
327
314
380
376
407
392
475
363
430
279
397
371
409
362
428
386
353
365
441
399
421
351
408
286
323
389
327
356
328
407
343
246
322
434
424
334
317
409
380
427
390
330
389
405
383
362
372
363
300
315
395
328
383
312
298
365
386
322
408
449
368
352
436
304
393
421
378
374
278
378
319
365
422
328
415
345
331
348
294
412
350
263
336
380
281
320
386
277
372
449
316
407
338
348
376
410
432
375
329
376
306
271
311
369
267
332
425
352
388
318
299
289
328
320
337
314
277
425
314
322
321
286
371
358
371
316
402
340
330
352
309
381
412
378
290
304
285
276
386
363
244
299
278
344
345
493
378
378
370
416
287
332
397
418
403
389
353
299
325
370
305
363
386
426
385
366
434
306
304
421
435
306
306
363
449
302
342
298
391
326
374
315
331
309
428
307
402
382
264
360
296
311
356
382
241
359
381
321
374
291
337
391
292
410
407
340
330
274
406
346
295
295
393
385
346
362
392
357
393
283
344
318
366
382
303
300
412
237
428
373
318
413
330
352
400
369
363
373
366
385
346
368
279
367
366
291
398
247
352
293
329
316
353
335
307
392
368
415
262
306
307
303
402
319
374
316
321
329
317
323
351
402
386
306
367
381
376
314
352
364
347
360
399
369
316
376
327
270
378
374
361
357
343
429
361
370
336
349
294
404
300
248
311
325
263
311
348
308
281
343
352
285
333
359
310
372
414
340
345
247
289
310
377
254
296
349
281
324
317
321
289
331
396
376
334
340
438
371
373
343
247
392
256
354
341
417
288
365
338
295
382
356
314
360
323
342
337
329
303
384
332
331
265
284
273
406
265
316
338
302
292
348
299
312
369
355
351
282
304
379
262
248
363
398
315
301
272
383
414
291
289
356
326
352
349
332
380
323
253
298
405
393
345
376
335
424
353
272
335
314
288
310
337
328
334
318
341
293
297
398
275
319
236
345
385
325
405
293
337
297
382
254
354
230
359
270
326
364
288
342
364
295
335
336
283
275
333
353
329
404
324
405
338
293
306
428
257
346
382
300
381
290
276
284
333
295
336
264
321
336
345
264
324
273
339
285
304
264
244
254
299
246
286
326
306
376
264
380
289
276
390
267
298
315
281
404
326
265
309
313
391
275
279
338
346
316
354
309
314
299
381
357
253
385
293
276
285
304
328
355
307
388
299
309
251
296
318
331
302
384
248
294
373
357
333
316
357
289
253
298
356
374
346
291
337
325
310
342
299
298
308
330
306
291
307
272
345
338
378
304
345
358
286
332
338
392
316
324
362
295
274
322
330
339
301
332
371
337
374
298
348
272
349
368
372
279
258
291
295
331
231
327
345
293
368
326
284
379
325
343
322
281
325
289
301
380
324
325
286
262
323
364
285
295
254
351
231
234
274
261
289
398
240
380
273
399
360
266
329
369
343
446
297
297
317
344
312
203
267
304
341
312
304
264
312
278
248
313
309
356
303
283
242
318
327
299
383
269
334
272
326
312
299
370
330
298
255
394
371
239
346
213
293
279
281
383
262
306
298
262
351
318
282
284
326
275
293
249
355
281
316
251
278
293
403
328
352
374
277
355
270
260
333
244
285
344
350
277
303
359
307
251
347
284
328
295
276
312
281
320
262
243
328
348
405
353
326
336
272
270
267
288
307
347
266
267
402
245
225
298
393
313
301
272
329
315
326
259
327
302
360
343
311
416
307
339
296
280
275
271
362
356
320
328
355
389
262
304
306
344
252
274
225
325
302
263
373
239
266
307
327
331
301
300
329
256
325
309
285
373
339
351
357
279
348
363
250
281
322
322
310
321
288
312
345
319
358
304
328
289
305
276
263
307
328
281
258
272
273
283
242
329
293
272
392
301
232
267
325
293
337
292
269
353
218
333
362
332
312
338
334
296
275
278
300
282
301
273
334
268
298
363
284
319
247
253
333
308
243
290
350
338
304
271
360
243
214
299
396
276
308
262
309
332
257
281
333
294
317
319
346
374
281
362
329
246
331
278
312
311
353
350
285
278
371
268
301
270
320
287
317
332
342
293
361
279
321
341
357
332
258
315
286
237
275
294
297
292
332
293
277
293
324
277
321
291
285
342
300
322
264
266
336
267
215
328
310
298
299
256
270
310
286
300
252
335
294
278
291
255
318
277
346
322
307
357
337
233
263
361
333
256
294
335
243
351
227
335
271
238
298
353
375
362
286
249
315
284
272
210
328
228
279
261
254
230
301
350
290
244
293
373
267
392
287
280
286
323
309
339
280
313
75
280
279
320
261
273
277
274
249
324
278
314
265
317
304
296
300
356
318
288
315
324
328
221
231
255
290
285
313
206
311
324
246
269
283
354
289
213
278
308
270
199
267
360
308
355
327
259
351
229
246
308
325
341
305
331
370
304
240
240
267
265
292
301
282
264
238
283
261
260
247
302
288
301
259
292
289
255
368
263
245
266
252
234
205
262
263
247
345
275
254
220
187
231
317
253
196
319
288
258
231
301
224
258
280
228
268
228
306
283
230
302
295
199
311
235
275
304
254
287
270
375
258
246
231
342
244
246
260
286
310
329
251
241
295
260
287
264
334
199
305
319
316
271
342
277
246
269
237
278
256
314
259
335
280
292
295
245
351
235
296
321
271
309
272
313
286
289
231
284
251
289
310
316
346
293
265
285
232
222
242
243
306
255
311
305
223
278
213
310
312
203
321
297
319
276
233
331
281
289
344
254
317
263
351
273
241
251
265
262
276
332
317
313
277
324
302
255
249
307
261
305
270
252
311
221
283
246
290
232
280
260
265
232
314
222
387
246
305
333
231
280
267
332
316
250
333
298
278
307
307
188
290
230
267
320
237
387
269
290
331
300
258
242
296
354
264
291
190
272
266
186
299
303
281
307
330
244
244
312
237
290
307
310
191
263
294
202
271
250
274
265
319
204
322
324
269
364
289
274
309
255
285
310
272
230
236
305
250
280
307
342
316
209
305
222
268
299
323
270
272
262
320
276
255
345
315
261
276
310
359
254
206
242
327
277
263
357
259
279
266
252
304
254
294
242
271
248
251
290
316
236
219
326
328
277
221
333
295
237
337
257
230
258
352
219
262
381
282
296
297
285
282
217
220
264
231
224
304
293
193
353
218
361
255
289
211
332
260
211
240
298
228
201
296
292
230
246
254
261
221
266
231
277
280
340
372
305
236
319
288
335
274
267
269
282
222
248
353
279
241
281
252
267
281
398
240
225
241
219
264
300
293
307
253
263
286
230
284
247
231
223
321
243
257
268
220
265
301
200
232
268
245
255
276
197
232
288
217
258
264
229
251
245
263
193
279
308
241
247
222
258
290
258
235
320
309
208
279
272
298
354
230
269
241
300
252
267
298
248
301
262
253
250
251
258
254
231
218
274
180
240
281
243
256
252
312
248
305
209
291
310
265
265
254
360
218
239
262
280
258
299
321
293
186
219
277
233
319
265
287
258
298
264
296
186
254
329
254
263
309
249
325
199
285
248
233
267
237
215
322
260
272
261
326
301
315
310
324
301
250
273
240
236
321
264
322
288
248
307
281
253
310
196
192
301
284
227
265
273
289
313
268
279
277
234
262
294
270
293
245
306
266
259
269
267
232
281
358
304
266
319
278
180
286
237
269
273
224
183
219
293
269
253
217
237
254
303
306
292
292
194
302
299
208
265
247
242
208
238
285
273
227
307
289
219
233
280
270
294
270
294
219
185
212
233
228
267
230
207
210
219
378
267
267
253
230
223
245
219
314
293
272
254
270
231
242
240
245
245
196
260
230
228
236
254
201
215
216
208
295
229
218
252
268
231
291
247
287
199
226
242
328
236
294
250
252
226
227
284
253
234
192
283
241
215
180
196
325
249
251
236
297
242
255
274
260
259
252
217
256
251
273
162
278
212
278
268
224
272
281
273
218
279
288
275
234
186
268
207
231
280
247
254
302
236
265
223
223
264
245
295
255
292
238
232
203
233
213
261
272
268
307
233
245
267
272
194
205
259
216
279
283
261
202
260
275
285
265
216
289
266
203
290
264
262
230
232
281
297
225
297
271
224
243
304
208
302
231
239
288
216
270
248
190
223
321
304
208
245
214
198
229
264
253
239
242
288
206
232
211
254
292
233
234
278
199
303
246
204
214
258
261
236
187
246
201
218
282
250
198
217
264
221
269
278
219
272
276
303
246
221
280
266
228
263
265
241
242
244
253
187
229
228
221
295
227
209
223
238
262
223
212
182
222
255
255
241
199
228
264
288
276
208
200
203
233
185
324
260
245
248
218
229
320
244
255
230
187
216
211
188
215
207
239
198
263
226
157
292
258
302
204
243
248
266
267
219
306
296
243
192
241
224
237
202
281
239
205
283
275
293
231
281
251
239
268
292
247
239
216
243
260
245
234
261
215
218
240
241
291
195
227
231
227
218
241
246
253
230
250
297
262
252
196
244
224
257
193
208
247
293
265
232
238
282
219
240
270
235
233
208
341
258
278
267
217
260
191
239
165
248
246
238
229
217
291
280
242
245
256
249
245
289
249
273
225
230
246
285
217
192
200
259
243
319
238
298
195
268
172
266
250
208
276
227
196
234
289
263
222
298
185
263
261
253
201
221
271
271
297
261
272
216
296
232
247
236
231
240
269
268
203
306
211
252
232
244
310
294
237
210
255
196
184
235
292
194
197
262
201
240
296
263
251
259
224
203
207
186
253
219
214
204
163
266
256
243
294
265
244
273
215
274
223
215
312
218
287
231
291
202
308
298
210
190
179
250
218
263
211
260
261
286
230
257
229
253
216
250
190
262
221
267
227
265
182
222
188
253
246
298
249
244
270
307
207
200
242
223
176
222
217
229
308
233
267
248
289
283
266
272
237
246
249
228
204
274
244
200
233
266
238
289
223
243
226
244
249
218
258
259
295
197
282
195
206
200
205
282
206
220
303
277
278
210
210
241
222
204
238
191
211
203
272
270
240
206
218
246
152
146
199
226
209
248
214
216
246
322
245
203
187
244
201
225
237
245
257
217
247
278
212
257
237
216
197
209
322
285
217
282
207
239
259
304
245
203
227
255
202
282
209
256
244
191
210
213
253
163
215
264
237
214
211
190
274
207
253
256
226
240
274
200
174
175
254
169
252
211
256
251
279
194
208
275
237
280
245
242
196
197
251
239
237
274
240
183
275
244
213
256
171
247
173
212
237
223
267
258
204
270
209
246
272
229
274
255
218
229
208
311
172
307
293
214
297
241
243
173
242
220
210
193
188
270
212
267
267
241
243
233
225
228
183
314
236
253
254
207
209
331
200
257
284
169
202
217
217
228
201
245
237
229
207
223
201
195
226
176
257
276
256
181
234
253
190
268
267
209
293
223
196
303
263
286
219
207
226
208
240
198
255
234
259
206
204
236
277
257
194
252
212
246
212
306
291
203
202
195
263
303
187
238
240
250
175
266
227
252
282
181
274
223
279
231
242
257
261
226
177
221
208
231
238
252
251
178
266
214
164
211
287
292
229
242
224
226
231
214
226
170
279
200
234
198
291
232
174
259
194
228
235
239
174
234
220
248
266
190
199
227
236
204
228
278
161
323
224
275
268
192
233
209
235
165
264
246
180
182
242
243
230
254
304
218
290
251
203
272
241
220
215
227
263
215
215
278
257
231
257
203
181
220
193
286
224
196
179
217
161
215
210
264
229
244
192
232
189
199
190
221
226
239
192
244
224
236
243
216
251
175
200
196
262
233
192
217
205
244
294
237
238
221
218
231
188
294
193
218
183
162
238
187
196
265
249
202
262
200
207
267
176
232
185
233
180
257
273
213
237
253
239
262
190
206
186
227
215
255
179
244
267
240
185
214
204
247
252
187
275
189
197
177
226
239
215
180
251
176
155
192
266
314
191
240
207
212
248
221
236
219
304
200
234
231
236
247
196
193
250
247
296
282
180
215
272
194
264
244
247
204
199
214
219
244
231
203
205
196
163
179
213
159
245
247
228
209
202
208
271
249
218
293
290
198
195
219
226
227
222
276
224
237
211
178
267
202
240
251
223
250
218
242
210
226
204
212
259
188
147
239
198
200
239
247
220
211
331
203
242
264
184
162
195
221
180
192
227
281
225
208
251
203
189
181
230
246
171
216
181
218
216
258
240
226
180
202
202
201
199
231
214
262
240
233
184
212
222
258
262
223
258
219
204
226
198
221
230
203
222
161
244
185
207
204
216
232
178
242
245
233
208
179
268
201
220
248
261
222
270
207
194
193
210
211
215
250
221
225
266
233
240
196
165
187
214
254
197
228
212
178
230
247
220
201
210
263
193
199
249
207
254
224
223
246
283
199
194
235
216
256
242
183
244
266
233
215
224
164
216
236
167
184
205
234
228
154
241
180
212
206
203
203
246
263
263
231
179
157
259
172
270
207
197
257
152
214
242
178
200
199
194
182
197
174
225
198
222
214
199
247
221
218
209
208
225
158
262
242
240
249
166
188
166
275
251
193
231
196
217
229
178
220
232
216
193
233
193
163
241
278
237
191
257
193
254
224
264
195
264
194
205
251
174
190
204
203
221
169
253
203
170
194
169
234
236
160
210
253
230
250
207
174
202
263
232
211
265
263
211
176
268
206
244
190
228
218
229
190
214
245
178
258
200
202
177
172
249
208
181
267
245
173
232
189
226
240
207
227
208
229
188
265
179
172
204
225
205
196
228
199
168
241
188
195
208
186
163
177
198
163
189
251
234
202
212
189
200
205
207
189
212
234
243
176
169
197
239
230
202
239
184
236
169
189
225
213
176
174
182
177
228
177
219
241
185
225
176
250
226
210
200
183
226
189
208
166
202
192
226
187
201
218
269
150
251
241
194
250
203
175
192
194
251
220
179
148
194
234
195
224
181
217
205
178
213
189
172
171
158
187
236
240
224
213
197
247
233
204
218
176
213
198
171
202
159
161
199
242
220
248
229
215
185
163
178
196
180
226
239
203
250
222
252
181
198
205
183
158
256
191
197
225
247
276
218
231
222
247
214
235
228
230
224
183
232
230
263
247
175
235
208
212
209
225
251
206
195
178
170
204
233
224
189
243
247
171
213
214
189
213
157
207
258
212
281
225
226
212
172
221
178
247
205
223
206
193
192
215
244
236
170
198
187
235
225
171
203
254
152
165
221
255
218
213
253
214
230
237
190
206
192
185
227
174
196
238
235
189
235
200
207
216
162
218
237
253
207
249
261
176
173
230
159
244
159
229
228
187
210
182
152
212
220
173
195
210
129
193
148
211
195
149
146
205
241
193
229
229
170
210
197
223
214
130
182
209
229
168
152
169
217
152
204
176
177
202
185
228
172
254
250
181
188
205
202
190
192
183
195
187
262
258
228
238
265
201
203
208
288
213
164
145
215
195
145
191
234
184
236
172
246
214
273
153
226
157
153
195
248
204
220
231
204
157
226
227
233
243
172
181
218
210
193
237
206
261
205
190
183
254
152
232
227
242
190
155
231
177
172
146
202
176
189
235
223
173
203
151
206
218
211
184
227
222
234
193
237
186
154
131
211
198
197
217
212
226
217
149
179
210
161
170
195
169
204
189
199
157
223
224
249
191
209
220
219
216
134
196
224
189
149
211
158
204
180
210
198
192
167
154
190
251
177
229
212
207
209
271
168
161
232
204
164
236
206
190
226
174
183
197
217
210
241
214
205
165
209
223
223
139
224
224
170
171
213
196
176
217
216
199
197
226
166
173
174
202
211
220
273
192
221
167
192
266
218
220
175
179
169
216
176
197
140
161
163
237
245
172
213
191
190
165
198
198
193
158
228
201
190
174
220
196
175
203
170
161
210
189
213
172
228
232
262
152
228
200
200
169
158
217
183
216
163
201
168
220
159
202
230
228
277
225
253
190
194
241
232
165
182
224
198
156
216
261
227
190
195
223
191
157
176
225
188
156
183
216
216
160
221
211
208
211
220
155
188
170
210
189
227
200
198
183
190
206
150
182
232
205
238
191
178
200
226
220
211
213
178
196
208
246
176
201
165
185
223
255
172
225
196
212
221
183
204
165
262
257
215
226
238
184
184
159
160
186
162
179
204
174
186
159
177
174
137
183
185
218
195
236
178
226
251
198
252
194
223
165
140
218
186
153
163
162
175
203
206
168
163
229
192
177
246
230
180
207
167
227
187
215
198
248
202
234
159
180
206
218
214
173
169
183
196
229
170
215
177
158
207
179
187
199
193
149
215
170
207
251
200
196
233
155
261
159
242
138
176
205
147
207
143
174
252
185
200
192
198
196
207
240
225
177
170
211
136
158
258
168
186
197
222
180
233
194
258
222
188
170
172
209
213
209
209
173
243
199
187
221
176
210
161
210
180
174
186
237
227
200
165
241
208
140
228
165
199
217
150
156
198
180
151
179
165
207
200
230
209
224
239
174
178
196
201
210
164
166
177
169
247
202
222
184
205
167
140
190
168
202
210
217
203
163
175
243
187
137
217
225
196
227
173
199
177
158
177
195
177
214
268
244
192
181
158
186
193
202
242
228
205
152
190
186
216
200
198
214
175
186
233
235
208
187
189
177
159
188
221
173
178
125
183
212
199
151
204
234
210
162
249
161
151
202
147
194
143
217
184
161
152
160
218
212
153
161
220
206
176
212
182
210
260
171
179
169
221
146
166
171
214
169
184
185
149
208
183
149
153
165
171
195
142
151
121
160
196
176
217
170
205
171
227
163
184
189
169
162
172
175
186
141
217
169
201
215
252
150
131
222
230
193
172
196
184
128
191
171
215
208
159
216
203
193
173
220
197
232
198
189
206
213
223
155
174
242
170
144
217
179
195
256
157
187
212
213
224
178
204
188
233
189
188
168
173
205
163
164
162
176
202
231
229
154
166
168
186
193
180
159
207
184
220
209
199
214
230
223
255
145
171
210
221
159
201
182
180
173
183
200
175
177
204
194
139
191
170
166
155
224
205
171
210
186
161
121
173
168
231
151
207
209
193
159
162
171
168
194
190
192
217
210
141
222
228
192
190
172
214
198
181
205
208
198
159
187
158
170
157
237
216
218
240
207
184
154
209
169
177
166
191
209
225
118
250
237
237
197
256
189
131
198
215
243
167
202
180
215
167
211
205
216
198
216
160
173
155
152
166
225
188
164
161
158
175
211
181
160
142
172
154
178
213
168
169
203
206
209
228
196
150
215
171
168
205
183
179
203
189
151
145
194
195
180
154
188
213
163
146
174
150
161
194
194
248
178
172
199
147
157
140
184
202
164
200
173
172
180
201
187
145
234
198
213
176
121
147
162
167
167
163
228
192
175
207
198
211
139
161
183
207
165
126
207
198
178
134
200
238
187
218
196
195
197
208
212
224
251
168
207
183
173
205
153
200
134
148
138
175
213
210
154
236
126
197
154
161
138
181
181
161
168
139
167
216
190
177
146
215
183
246
165
135
225
174
185
171
121
191
163
195
186
161
171
182
167
215
191
167
212
261
170
134
134
227
206
219
189
152
200
152
186
190
195
181
206
210
133
175
202
197
203
174
165
195
120
201
143
204
202
144
191
182
197
185
183
220
159
194
147
183
191
151
177
172
153
209
198
176
204
251
154
141
190
210
166
200
224
226
232
137
218
136
161
152
192
221
124
232
155
156
177
191
182
214
192
121
168
221
179
157
150
164
170
152
173
188
243
193
231
224
148
154
209
200
146
197
168
189
133
148
169
195
150
135
130
133
184
179
176
175
210
172
154
162
203
158
194
222
209
173
182
151
205
202
160
214
205
250
181
185
190
186
164
197
155
209
124
209
183
154
208
173
152
186
161
224
176
186
180
163
190
168
188
195
151
195
154
154
154
183
199
190
200
146
158
129
189
158
176
156
165
143
201
154
162
196
173
120
200
209
166
216
207
179
200
153
176
193
158
188
203
153
177
143
160
142
234
173
150
189
179
188
193
164
207
194
228
176
150
178
162
122
192
187
158
188
150
190
208
206
187
181
141
178
211
124
183
208
141
138
182
181
191
184
164
152
210
167
191
156
136
207
178
182
200
194
145
148
173
203
172
160
175
198
138
173
172
129
186
164
118
120
114
151
257
189
209
175
186
137
184
171
195
194
194
192
186
212
192
200
153
198
150
166
173
146
168
139
138
176
234
185
168
148
177
190
155
173
195
153
144
134
256
180
129
180
188
185
139
190
189
128
167
168
181
172
147
162
161
177
141
179
210
178
186
198
157
189
129
205
230
160
167
226
169
177
170
145
222
154
146
212
159
187
145
180
135
225
188
159
168
158
223
149
116
180
216
155
144
138
169
128
162
172
201
230
176
208
155
193
160
211
249
156
188
191
121
202
139
171
177
146
183
207
183
139
152
155
156
147
120
218
212
154
196
131
145
195
171
143
181
147
136
150
165
182
159
145
215
153
179
133
147
170
150
199
173
134
156
176
166
134
153
146
178
138
164
145
152
215
166
157
199
207
141
151
209
203
136
129
183
160
190
161
130
136
178
184
181
187
142
207
186
197
156
147
177
157
200
172
182
140
137
157
169
147
195
152
175
143
148
149
138
181
168
139
215
206
205
191
146
194
168
195
169
196
172
222
154
202
229
192
168
131
224
146
154
177
167
202
152
170
189
199
166
141
152
172
119
144
167
202
176
186
169
125
155
133
189
133
179
137
150
140
165
197
191
186
161
174
176
169
175
230
158
166
176
173
136
164
168
147
127
118
172
191
166
149
184
185
153
142
163
191
148
168
183
143
187
120
209
179
204
170
181
181
141
138
192
146
153
192
192
180
175
157
170
175
160
142
179
166
153
193
165
196
187
153
141
172
201
187
191
153
178
190
142
177
188
185
127
149
185
132
179
91
182
199
189
176
181
144
199
180
147
186
161
127
163
226
123
158
189
170
130
148
186
129
127
182
184
143
138
150
145
190
194
121
203
132
133
121
150
197
140
140
125
174
172
179
167
156
153
171
139
139
137
182
167
176
155
161
132
136
156
134
189
179
166
139
169
124
182
113
139
162
108
166
123
156
188
169
164
129
200
173
157
144
138
116
201
145
145
147
152
151
192
150
175
205
132
186
162
155
158
162
179
247
155
192
196
185
210
193
159
184
155
148
161
172
196
163
194
159
158
148
157
158
172
126
194
156
141
198
130
209
132
172
132
139
163
147
211
191
100
142
205
195
127
148
156
178
151
132
150
155
124
121
184
149
167
173
171
181
152
166
147
206
183
149
152
161
182
159
189
132
133
185
175
196
179
196
156
117
142
204
162
165
159
140
138
181
179
122
122
169
150
172
176
196
193
130
128
187
116
203
203
197
144
204
180
134
160
154
158
151
149
147
142
155
144
129
146
169
137
162
112
214
157
156
98
149
172
181
130
215
193
138
141
161
163
175
185
142
162
136
120
163
158
131
199
115
144
131
146
159
144
171
169
175
163
142
158
143
140
185
124
211
153
165
222
146
209
129
163
255
208
213
196
197
169
177
116
141
175
128
169
107
180
153
149
183
114
142
150
176
179
161
197
135
126
141
200
147
129
154
220
134
150
122
173
173
142
174
128
154
165
178
161
160
202
116
150
163
148
122
193
155
122
160
170
164
171
179
163
154
185
206
163
171
174
190
129
152
198
192
140
129
155
166
118
133
139
151
116
104
147
168
125
158
124
195
168
169
165
168
130
180
153
175
211
134
151
157
187
176
178
170
163
192
153
188
149
140
148
133
119
190
171
126
153
174
140
166
163
176
183
146
135
172
130
179
148
119
158
165
152
136
130
199
183
117
154
169
151
148
198
174
148
142
168
161
155
161
157
149
173
163
139
138
162
134
127
187
136
179
171
123
215
152
178
165
138
167
135
149
135
137
165
141
150
145
100
186
143
144
143
130
195
157
119
210
124
191
153
166
175
189
170
179
145
152
112
170
207
195
188
160
164
164
173
132
188
176
150
159
168
193
193
133
156
123
134
183
149
206
134
159
152
182
152
140
134
192
216
165
153
127
144
150
141
149
132
236
117
107
148
145
139
119
183
125
123
143
180
194
145
135
122
158
202
114
120
148
198
142
147
133
150
195
146
165
177
191
110
156
107
172
117
142
105
152
167
166
156
143
191
143
106
149
191
146
145
160
104
125
180
181
107
125
128
109
115
125
126
187
136
118
142
164
133
144
205
121
188
139
129
228
132
197
143
149
175
186
127
152
153
137
170
166
197
136
196
149
144
108
154
157
158
190
171
197
163
165
143
139
116
147
163
143
147
192
167
128
125
181
124
179
194
150
164
132
143
180
111
135
130
141
169
175
142
123
131
140
186
120
180
195
159
169
160
165
190
120
163
159
126
171
193
123
141
154
147
143
118
146
183
164
179
150
199
178
120
141
106
195
165
125
154
186
129
160
128
207
137
158
144
134
154
109
171
167
196
179
115
135
144
189
137
121
179
163
120
145
104
179
96
138
162
122
184
186
151
162
154
141
182
192
166
147
116
159
108
168
171
134
90
153
191
174
144
149
148
140
134
124
139
135
172
154
184
146
155
183
167
116
125
171
135
189
172
166
106
131
140
133
101
123
156
142
126
201
168
129
100
106
162
125
150
167
167
214
132
115
135
148
128
122
170
136
168
149
175
138
104
173
186
116
145
176
170
124
173
122
190
155
157
139
164
161
122
132
124
115
166
156
127
140
115
130
107
147
173
116
168
186
148
155
97
141
151
126
121
121
135
137
193
146
147
132
156
164
129
155
146
138
158
162
145
137
123
122
114
153
152
151
113
153
114
191
148
136
134
151
140
182
100
142
138
189
163
137
158
132
136
168
163
161
196
129
106
144
159
148
161
100
152
124
170
140
124
129
182
163
177
135
119
146
152
132
121
128
133
131
182
122
124
130
183
136
147
121
168
187
139
132
130
117
140
142
149
103
146
115
161
181
182
193
135
151
152
136
143
176
141
162
184
188
182
185
134
129
160
135
109
94
120
159
162
159
159
166
127
118
161
175
93
151
155
146
159
162
166
178
145
185
153
181
144
205
128
149
177
195
198
127
195
124
161
156
112
121
132
132
131
109
138
165
125
158
139
163
136
147
109
110
138
164
109
151
127
101
140
165
127
164
123
156
157
142
134
158
114
129
180
160
97
148
145
174
146
114
127
130
132
162
175
149
177
126
119
125
162
147
99
114
126
179
176
77
104
112
137
184
166
148
95
109
138
156
115
136
152
158
119
150
124
125
144
100
116
128
141
130
141
149
155
135
118
113
135
146
144
170
149
139
147
163
128
159
137
157
155
166
137
169
158
130
158
125
117
149
178
99
168
165
173
173
138
111
151
164
131
175
159
156
163
168
130
110
145
115
135
123
141
122
137
133
163
155
119
106
138
150
134
149
123
140
164
111
112
109
175
156
156
113
122
134
156
188
102
156
107
178
170
142
114
168
131
154
114
132
129
145
132
142
118
122
107
123
152
119
108
147
178
148
167
143
131
153
168
149
163
136
106
106
122
199
127
138
146
163
167
128
104
162
119
138
159
141
148
130
131
113
153
130
180
152
141
164
87
128
151
156
141
145
130
150
170
141
103
115
105
125
138
79
135
141
130
114
152
115
126
182
141
136
148
139
170
165
125
123
120
121
114
111
114
115
122
141
179
153
128
107
136
124
166
112
158
177
112
166
121
166
91
104
164
182
103
171
138
136
125
129
133
117
152
146
163
133
163
127
153
150
158
138
166
132
131
134
167
118
173
142
120
156
140
125
135
153
94
143
127
116
118
125
133
151
109
160
131
153
183
109
123
130
132
152
130
184
162
106
157
190
156
173
99
90
98
115
101
120
87
102
131
172
169
128
121
122
120
156
158
146
105
114
131
131
103
147
157
121
187
127
104
143
138
133
107
115
155
149
161
122
129
103
157
122
113
107
88
125
112
106
122
156
145
144
44
149
168
150
124
120
134
168
175
106
120
161
131
111
127
124
145
120
147
109
166
127
177
114
133
144
154
152
121
139
166
154
123
130
114
178
116
133
112
150
108
167
109
113
130
126
170
154
163
137
103
124
123
105
134
130
145
121
134
102
142
128
124
140
167
139
188
129
100
113
168
128
125
138
116
145
121
142
143
100
169
175
103
162
157
129
138
138
106
142
104
166
153
139
140
161
165
157
142
175
158
140
169
113
126
154
129
127
165
140
187
137
153
147
144
140
158
139
174
102
131
136
127
137
147
142
122
132
116
112
153
121
121
105
135
133
104
149
108
152
129
175
128
93
170
175
116
165
129
126
120
114
136
179
92
123
128
215
113
74
134
143
107
129
138
128
161
146
114
149
128
107
122
77
153
162
136
149
125
159
133
133
154
119
112
121
114
140
123
122
148
109
138
133
150
149
149
121
99
123
129
128
153
107
112
155
130
120
110
144
107
154
131
150
99
122
124
128
155
114
99
160
152
140
152
107
127
128
169
163
164
127
116
121
124
164
121
132
169
131
127
100
162
130
120
116
162
162
128
117
77
98
132
148
159
130
108
159
110
114
101
137
138
146
142
152
136
121
155
165
146
150
128
124
167
156
155
154
165
143
107
181
138
128
167
108
163
148
162
119
140
169
148
132
111
151
137
107
121
141
132
112
125
136
137
161
167
139
166
154
132
131
138
104
92
144
130
145
136
140
99
146
132
157
96
104
156
157
146
135
133
184
149
150
143
164
139
138
123
126
154
163
176
104
168
163
159
165
104
123
99
92
154
109
81
147
149
123
116
128
107
156
128
120
117
156
100
156
128
116
145
102
155
133
101
164
155
162
149
102
101
120
175
141
148
121
129
137
151
187
106
125
122
165
164
95
97
179
123
89
112
120
136
104
139
155
131
103
152
121
140
159
170
140
126
98
105
123
123
104
104
153
147
158
166
123
121
131
148
178
108
128
132
133
117
140
130
141
117
174
139
204
116
95
120
142
148
157
108
142
141
145
121
129
125
158
146
149
128
127
118
107
126
133
112
126
150
149
161
143
144
178
108
93
139
125
111
134
158
141
150
121
156
146
107
108
127
148
103
151
141
148
108
135
191
144
142
129
170
141
130
165
105
172
122
138
139
100
146
131
139
111
132
131
96
149
133
125
132
148
157
151
144
126
123
154
97
166
111
138
137
124
142
104
141
148
111
150
175
100
123
94
120
129
131
124
143
126
132
117
127
159
143
132
116
131
146
141
98
131
116
112
162
138
146
104
70
110
100
109
139
128
112
168
113
118
70
108
173
93
189
98
142
95
128
98
140
156
120
128
152
119
125
126
191
79
104
119
119
97
133
118
90
158
83
179
135
106
107
79
136
110
146
108
100
163
119
155
131
132
125
96
141
142
139
123
125
100
170
96
115
164
150
129
109
111
120
100
116
121
161
141
98
164
130
114
142
86
110
144
115
106
88
138
122
88
92
94
115
156
99
144
113
144
89
163
142
107
113
93
110
186
121
130
97
129
174
148
113
105
127
93
103
108
99
112
99
134
145
146
155
130
117
153
95
142
111
150
126
93
122
141
136
133
101
115
117
99
113
135
138
140
130
163
173
102
127
95
135
120
90
129
116
135
178
101
171
147
87
120
155
114
124
112
127
122
127
154
126
115
81
128
132
120
112
124
124
88
178
140
83
129
84
157
136
122
101
137
151
88
125
117
131
106
123
140
96
132
103
99
127
136
155
124
124
95
132
153
119
94
121
130
202
127
102
129
145
89
138
119
148
140
101
104
142
119
130
124
123
144
116
129
101
105
155
100
142
100
101
133
123
170
146
128
139
118
112
119
111
82
113
163
90
117
141
118
115
105
102
114
172
135
108
113
127
140
118
143
109
132
107
139
156
121
96
153
114
107
113
145
117
85
119
97
139
113
111
121
91
114
130
133
112
116
125
146
125
112
101
111
129
142
86
132
142
99
130
138
95
131
140
116
121
108
117
113
137
83
123
96
148
143
121
139
88
113
152
126
172
93
106
130
165
153
95
151
132
112
141
149
96
97
101
141
114
67
101
107
140
104
130
138
154
96
93
139
117
125
119
133
132
83
126
97
124
130
137
119
101
116
125
120
86
119
108
108
109
148
107
104
149
129
94
141
122
150
152
132
113
111
107
122
132
92
130
114
115
139
133
107
138
94
111
107
133
111
99
124
104
130
150
141
128
118
104
112
121
156
125
130
129
110
114
147
123
144
91
113
140
104
134
89
104
109
96
97
153
128
84
133
115
89
115
149
79
105
118
101
141
127
109
107
154
124
146
110
94
171
134
145
148
140
107
115
114
148
131
101
131
137
138
117
102
104
140
105
143
126
143
109
161
113
107
126
89
127
155
131
144
137
152
124
105
151
85
130
102
146
110
141
128
111
106
135
105
109
93
90
107
118
158
93
124
145
104
130
142
80
96
136
133
116
113
97
171
110
106
123
140
87
149
129
119
105
110
118
122
107
133
124
153
112
98
130
91
101
108
141
143
105
123
163
131
117
130
125
110
120
106
123
142
125
120
125
109
111
122
115
115
143
151
112
94
111
128
150
104
104
98
119
150
115
136
135
107
137
157
98
120
127
131
117
104
110
130
105
88
117
143
99
101
159
100
114
125
158
115
70
108
106
103
109
115
154
168
88
118
115
175
133
105
99
143
106
104
96
105
146
90
140
133
94
115
153
96
133
105
119
151
83
140
94
108
141
118
103
108
135
103
137
138
118
152
122
104
109
125
93
105
117
161
127
128
147
133
133
127
100
124
113
141
136
74
114
130
96
133
126
117
98
110
101
81
145
75
130
138
123
131
117
139
100
122
149
150
129
129
109
81
119
122
98
116
87
145
123
150
93
124
115
129
93
149
80
107
96
143
97
108
94
111
136
121
98
145
89
112
106
95
138
109
141
139
82
103
132
125
105
114
114
132
136
121
98
112
134
125
112
139
123
111
115
86
134
126
126
130
114
100
121
109
108
142
128
132
131
99
92
92
108
131
95
127
103
106
133
110
89
117
102
108
137
113
123
106
106
101
93
101
101
80
81
145
104
135
92
100
124
109
136
114
130
114
110
141
83
131
87
134
122
158
128
120
108
116
83
138
101
112
83
133
104
95
83
145
122
108
104
115
125
124
101
88
131
125
103
99
105
142
93
124
121
135
85
92
128
121
103
119
117
140
135
131
75
147
110
81
145
113
81
81
127
100
136
124
110
129
104
138
82
99
109
121
105
89
112
140
113
102
136
104
85
108
142
111
104
124
102
132
111
132
120
146
134
122
114
109
95
125
99
98
126
104
125
130
102
125
106
98
100
120
82
103
103
139
101
102
86
93
103
89
134
115
104
129
85
86
147
89
108
132
106
89
120
125
123
94
107
135
97
93
91
118
80
108
107
130
93
108
136
101
107
94
142
99
91
92
126
104
74
122
102
95
153
112
112
112
95
117
97
110
114
92
127
110
72
129
82
112
158
102
93
68
135
103
76
111
132
123
86
94
121
98
131
86
94
92
104
141
137
138
97
109
117
103
94
65
103
92
114
109
116
140
117
138
99
137
138
108
131
123
149
92
96
112
100
72
97
104
133
112
87
129
164
107
102
79
105
113
102
114
123
120
92
106
86
139
96
132
129
115
123
106
141
128
104
113
132
88
91
134
72
129
114
106
120
100
112
82
74
118
96
98
98
88
111
106
137
102
109
146
97
110
83
84
108
91
135
122
153
96
80
93
80
111
73
106
77
87
118
152
100
126
103
132
99
124
90
122
104
138
87
100
115
133
115
119
100
124
97
96
112
98
127
124
105
111
146
95
98
135
152
91
85
112
103
98
112
82
101
124
124
122
94
82
126
102
146
107
102
138
117
151
95
107
113
70
96
105
91
74
127
94
87
114
101
157
94
104
93
114
84
73
100
115
99
112
110
71
81
71
92
82
129
88
116
109
88
130
134
112
128
68
74
83
125
95
103
103
107
108
146
126
95
106
132
118
113
117
80
111
101
117
107
100
89
112
55
87
134
125
106
95
102
98
95
98
115
100
117
111
142
93
100
92
106
104
99
102
82
121
117
72
131
113
124
151
89
117
102
102
108
130
123
104
83
141
124
88
117
96
143
104
116
74
112
133
106
99
103
81
113
119
131
87
113
91
128
126
121
104
84
103
120
74
104
110
104
100
74
100
102
121
76
95
61
67
141
108
99
106
127
129
130
132
122
100
106
110
104
106
120
98
85
129
110
99
70
89
86
97
105
105
121
113
85
107
142
105
101
112
106
136
137
106
116
119
132
103
149
83
107
124
95
123
84
113
128
86
92
92
122
98
97
107
105
87
112
90
132
118
112
148
108
97
111
116
93
118
120
103
105
88
65
121
125
104
97
90
85
108
119
121
119
102
82
113
89
119
116
76
88
118
131
118
95
93
100
136
82
106
114
107
85
118
134
109
121
131
91
91
129
114
114
96
110
118
96
98
138
86
105
106
88
101
87
119
89
75
120
99
122
117
64
115
144
99
134
85
60
98
114
106
130
120
111
65
87
120
86
90
94
75
93
96
101
90
87
104
105
94
107
93
101
69
109
81
90
94
94
127
110
120
111
111
76
97
76
67
125
100
104
69
83
118
107
158
81
105
111
87
111
88
113
94
94
90
81
130
111
99
78
123
126
67
80
132
123
80
85
117
88
108
90
88
114
94
76
173
122
109
87
88
142
134
87
116
109
124
126
92
127
84
123
97
109
71
114
112
121
91
88
93
144
110
85
113
76
99
71
107
81
119
109
94
90
84
110
98
115
94
60
101
97
109
93
116
121
150
84
112
97
106
86
101
122
87
92
95
131
124
140
105
107
113
86
91
85
113
90
112
67
97
115
103
92
133
122
114
132
134
102
131
89
135
107
99
110
60
115
87
134
79
98
81
136
67
106
90
86
91
110
131
89
120
83
89
84
125
115
104
98
134
132
136
102
100
115
82
94
109
113
112
87
89
83
94
116
85
100
127
77
90
107
76
117
103
125
87
105
100
91
120
98
86
98
126
117
94
92
84
79
88
83
118
85
75
81
91
101
82
125
93
101
106
135
75
96
110
93
120
97
87
86
99
116
82
137
127
96
98
87
142
130
78
74
83
113
82
77
105
96
126
110
85
61
115
117
96
76
108
91
113
103
92
96
114
72
79
104
99
108
117
64
96
109
110
107
113
101
84
64
93
101
115
112
84
92
78
108
118
103
87
105
93
90
106
96
87
78
85
60
80
133
83
99
120
86
96
103
105
121
102
84
104
98
89
82
102
93
108
103
76
84
110
90
89
105
105
89
93
92
119
116
98
115
92
102
98
98
106
96
91
88
87
79
77
81
119
99
64
97
103
88
122
99
81
127
98
83
87
119
162
83
85
96
90
91
90
135
63
87
113
76
75
135
118
100
122
109
112
101
92
102
90
112
99
87
91
106
102
75
91
104
93
81
98
75
112
69
89
115
89
94
115
93
73
98
118
79
104
92
85
100
81
95
101
97
111
158
116
94
82
100
77
99
67
108
81
86
94
102
94
112
98
126
99
106
134
98
88
84
85
94
84
102
89
113
90
56
101
94
94
115
112
99
119
90
64
75
118
97
90
107
76
93
69
107
84
85
88
86
95
84
103
95
107
124
99
77
89
109
96
82
96
93
107
80
89
119
118
94
97
90
96
89
83
108
85
82
97
80
99
88
119
76
93
107
94
91
89
96
136
83
77
127
118
59
96
80
98
88
86
138
74
97
77
83
83
103
125
88
95
96
133
83
105
103
85
114
108
61
104
83
59
102
93
147
117
97
104
90
85
89
99
111
84
66
97
118
104
82
105
101
94
80
90
145
116
88
89
95
98
70
91
53
88
114
109
75
99
89
89
55
70
100
90
108
117
103
76
117
83
113
132
61
120
117
89
121
91
73
65
87
73
73
127
82
111
81
84
97
115
106
112
84
93
116
91
97
112
94
79
77
103
95
106
104
90
80
87
95
91
98
81
93
89
86
74
81
89
71
65
113
121
78
75
86
93
70
85
87
88
79
105
93
107
89
89
100
99
78
71
100
126
99
100
107
74
109
127
121
69
81
76
105
96
88
60
85
73
84
98
95
97
107
66
81
60
73
69
97
67
93
123
120
88
78
109
90
108
96
85
77
101
87
107
93
78
92
116
98
95
89
86
84
78
118
93
108
73
101
102
74
74
92
113
108
91
93
111
83
124
95
82
101
69
109
78
97
84
84
85
128
124
107
67
110
86
88
92
78
76
103
87
83
97
62
71
87
92
101
88
72
84
78
84
83
77
89
86
74
88
79
77
74
71
108
95
100
96
69
79
79
105
91
79
93
84
99
90
103
87
94
121
93
74
104
90
98
82
109
69
83
135
78
151
68
85
98
109
85
90
66
77
96
84
64
81
68
62
71
117
82
88
72
102
71
71
120
86
87
75
78
82
111
85
71
99
126
108
88
89
85
74
96
70
112
65
93
83
90
51
75
84
85
72
90
97
75
97
73
82
81
77
80
121
77
92
108
92
135
86
95
63
86
87
69
85
80
120
77
81
93
79
60
88
92
108
88
82
65
94
91
122
72
86
45
86
66
92
117
88
100
87
97
89
66
79
94
54
69
109
65
85
73
93
103
94
84
63
110
67
96
107
103
91
65
91
133
76
74
109
88
72
61
65
64
74
72
82
100
65
98
88
75
92
124
90
120
93
71
45
70
66
97
82
77
80
105
76
89
88
77
97
78
114
101
57
114
86
77
100
77
68
117
86
105
114
106
80
93
75
79
137
96
78
62
91
86
92
90
117
82
70
100
85
83
60
79
85
83
84
107
82
92
86
70
53
83
92
74
98
79
113
67
35
46
126
70
86
91
80
79
91
95
65
73
84
76
104
71
95
66
57
74
94
74
65
95
100
90
81
58
91
69
103
72
66
97
85
88
70
84
76
94
55
91
104
68
77
71
86
97
70
71
86
72
88
108
93
75
99
79
77
89
51
125
88
75
120
55
92
63
66
82
77
102
85
62
60
59
78
82
61
75
57
80
67
63
72
102
96
74
81
38
80
83
66
55
72
86
57
121
74
48
91
90
64
61
112
98
60
67
73
98
58
99
66
87
60
80
84
61
66
73
77
83
87
114
86
67
108
68
64
49
84
49
51
67
66
73
54
100
77
68
63
64
69
85
71
111
70
97
65
69
73
55
64
68
68
72
97
90
70
60
114
75
74
73
71
37
104
117
68
81
88
56
83
64
85
87
58
89
98
69
81
81
62
84
61
78
75
68
59
85
59
70
72
76
80
94
96
81
79
68
62
80
70
79
97
63
67
62
50
67
58
59
67
67
77
81
85
63
81
84
62
70
67
85
69
59
108
76
53
50
54
65
68
63
56
96
60
72
58
76
46
63
57
51
91
60
68
46
56
56
64
86
56
56
38
64
57
63
74
86
65
61
45
55
82
60
60
51
37
43
49
53
67
71
18
40
42
41
63
31
32
55
54
48
38
38
49
37
43
66
31
39
66
49
47
37
15
35
30
30
40
36
41
25
0
28
1
15
28
25
21
17
25
9
15
