305
385
483
271
163
493
105
358
219
219
277
110
88
500
141
326
326
329
329
328
344
333
308
308
301
311
311
310
326
283
156
184
114
329
325
328
324
293
292
225
224
184
180
165
164
135
134
378
363
377
380
379
362
365
379
364
364
203
207
202
428
429
428
429
433
434
432
416
417
416
417
401
402
421
401
422
402
392
406
393
407
392
393
420
397
398
405
396
380
381
380
381
365
366
385
365
386
366
370
371
384
369
194
182
167
287
286
280
286
290
280
289
289
254
254
135
68
331
331
327
325
325
299
299
295
293
293
258
258
254
252
252
169
137
96
753
756
538
338
341
262
262
267
270
238
123
419
416
416
396
393
399
396
393
396
372
347
369
344
369
344
164
171
161
161
174
160
708
703
430
425
402
383
378
364
133
253
182
223
152
135
83
82
75
192
192
161
161
139
167
133
215
215
206
206
207
207
188
183
399
341
285
165
182
167
442
443
416
417
414
415
326
327
331
305
303
215
146
133
138
139
144
133
138
121
126
125
130
272
270
252
261
161
159
141
150
105
449
447
449
446
448
247
249
263
250
246
233
213
200
88
291
293
287
290
289
292
118
201
177
112
88
103
97
102
164
167
140
130
75
797
802
786
791
727
732
716
721
329
318
584
585
564
565
569
549
423
424
408
223
326
343
234
235
251
252
230
138
139
112
531
527
525
522
518
516
277
273
271
356
345
250
309
239
298
203
245
192
915
917
894
893
896
895
617
619
533
531
508
482
480
457
105
103
313
310
304
272
269
263
215
174
391
287
267
250
265
265
243
542
540
472
470
317
217
502
514
523
294
149
108
213
213
211
211
211
211
197
198
196
196
197
195
218
199
182
146
136
55
101
106
82
395
399
353
318
322
276
188
192
162
166
146
120
599
572
565
550
539
523
516
512
505
156
680
644
573
560
537
524
484
377
364
612
582
582
396
366
366
319
289
289
400
341
343
298
244
284
241
185
142
489
485
431
430
425
427
426
421
465
401
371
273
209
222
179
215
226
219
172
165
167
113
458
459
445
446
353
340
530
531
527
528
292
293
306
273
233
197
166
133
386
385
386
385
384
385
532
532
532
532
405
327
329
327
329
192
322
323
319
320
198
284
204
153
125
62
221
222
212
134
124
103
92
83
72
375
384
385
394
394
382
404
391
401
503
504
506
495
507
496
498
499
514
513
512
497
496
495
382
383
382
383
378
379
340
331
304
295
235
226
356
356
308
308
171
171
232
233
201
232
233
201
105
126
126
78
94
78
812
405
97
97
97
250
246
249
245
239
714
713
199
106
235
139
136
153
125
127
123
120
500
507
501
391
398
392
448
450
370
372
336
338
402
384
328
310
311
293
425
393
330
298
283
251
367
366
364
363
369
366
303
298
282
277
238
233
233
234
209
180
181
156
235
234
188
187
186
185
269
250
213
194
175
119
227
218
179
170
98
89
160
134
102
108
76
82
88
504
446
323
265
192
418
417
394
393
384
387
384
169
169
296
303
273
256
263
260
261
261
146
147
183
148
158
123
108
349
116
107
98
89
168
151
111
94
97
681
671
668
658
568
555
465
230
610
621
606
71
465
464
464
463
510
495
278
178
471
418
214
90
481
413
339
323
246
245
241
240
385
294
199
144
387
387
352
138
384
383
347
124
292
295
338
138
292
294
269
73
298
301
221
158
292
277
266
257
274
195
181
165
308
292
129
107
542
376
338
173
135
52
247
173
179
136
247
152
166
100
325
324
215
119
265
197
162
110
164
163
163
155
241
204
207
82
111
98
99
98
160
96
97
81
140
133
67
57
238
240
232
390
385
204
205
205
214
212
213
105
104
105
128
122
128
122
81
75
721
709
413
401
91
115
98
123
108
116
258
255
172
169
73
218
210
192
184
627
601
453
427
497
496
454
453
506
504
506
504
480
485
461
466
514
505
507
498
407
406
392
391
556
535
539
518
381
385
357
361
382
377
342
337
322
321
319
318
312
293
317
298
410
406
261
257
311
309
286
284
320
316
245
241
316
317
290
291
343
343
336
336
284
281
271
268
319
318
104
103
252
223
181
152
287
283
258
254
298
295
280
277
242
191
143
100
210
211
206
207
241
235
163
157
200
204
198
202
407
164
125
87
214
212
200
198
140
144
107
111
150
152
139
141
209
152
89
100
210
209
136
135
134
135
134
135
157
141
141
125
125
139
83
77
108
99
89
84
1065
1065
727
720
710
635
568
569
544
491
489
495
638
639
87
525
526
523
605
608
236
529
529
433
401
400
400
369
369
371
423
425
353
454
453
452
414
413
184
388
383
382
302
299
302
480
481
194
495
496
99
312
304
284
450
450
148
243
243
244
348
343
268
262
260
224
354
321
121
276
279
275
257
249
138
425
422
69
295
295
296
261
248
248
337
303
335
183
180
241
243
211
198
196
196
197
195
159
306
305
82
277
179
217
213
205
188
189
106
230
231
93
404
98
94
161
159
145
143
140
67
195
158
173
151
82
119
114
114
113
93
93
109
99
417
392
330
305
496
489
417
410
543
532
100
89
408
410
241
243
418
389
178
149
394
349
348
303
278
276
211
209
372
383
331
342
346
341
281
276
354
327
246
219
232
227
227
222
297
296
257
256
282
277
246
241
305
293
293
281
483
383
220
120
333
298
197
162
391
286
226
121
317
233
252
168
389
359
120
90
269
269
189
189
382
283
234
135
238
219
213
158
304
259
228
183
379
361
127
109
350
340
128
118
308
292
277
261
257
237
224
204
229
215
240
226
192
197
183
188
230
235
222
227
206
201
206
201
278
265
101
88
288
283
121
116
284
235
140
91
230
218
220
208
275
259
191
175
191
201
135
145
302
246
179
123
287
239
113
276
275
107
106
281
247
153
119
209
187
160
138
271
255
115
99
220
200
109
89
167
164
113
110
134
111
90
67
132
135
113
116
145
141
137
133
153
139
131
117
108
116
103
111
122
104
80
62
121
118
101
98
144
130
80
66
106
102
95
91
157
145
100
88
653
621
181
723
615
191
608
490
159
554
490
387
365
367
386
505
420
280
459
368
359
478
277
233
507
259
265
391
327
287
487
291
231
491
399
513
211
131
397
334
294
324
332
319
329
292
298
323
310
233
409
386
129
439
196
237
464
338
101
373
217
142
479
267
201
288
248
246
356
355
229
360
279
177
439
357
96
290
246
225
243
242
185
274
268
267
347
269
124
274
263
137
343
192
116
526
182
97
288
264
209
478
194
124
304
238
152
349
215
83
355
196
203
331
239
155
327
278
141
427
133
129
232
184
168
242
226
167
271
255
153
230
221
94
227
238
114
198
195
200
269
182
138
249
235
230
350
172
90
229
208
204
262
215
111
231
212
141
355
232
137
233
206
153
213
205
132
210
108
199
304
172
102
259
258
154
328
256
96
253
256
119
213
194
225
209
196
148
319
145
134
272
267
108
256
262
220
242
152
114
227
185
147
213
193
114
260
207
96
225
216
100
177
195
136
175
160
109
174
162
161
363
167
210
202
95
186
152
82
256
146
52
160
141
38
168
159
128
162
165
157
153
135
121
185
161
84
186
160
92
145
145
132
152
114
84
194
119
114
156
149
100
193
173
88
148
166
75
135
128
74
98
96
65
144
151
107
124
119
102
122
97
90
153
71
70
110
97
63
126
119
80
140
128
75
118
132
87
114
111
83
293
267
116
427
400
215
440
429
427
320
302
286
547
266
162
378
371
369
376
383
215
333
273
184
263
250
235
308
307
248
420
205
157
235
225
221
358
311
295
273
260
77
442
157
161
389
193
194
337
337
259
276
46
360
91
84
215
212
83
329
105
107
140
128
127
229
227
165
125
130
89
154
195
91
178
175
157
166
113
100
256
88
90
149
122
108
160
135
125
117
125
118
143
133
93
183
97
71
105
95
102
157
118
97
98
87
87
104
89
65
833
833
952
955
779
784
715
719
718
711
563
559
643
644
636
633
535
537
558
559
515
516
680
675
663
662
555
554
623
621
485
486
542
542
513
502
504
507
528
524
467
471
517
520
502
493
457
451
405
401
502
506
699
696
453
452
506
508
510
502
553
468
435
433
543
542
555
555
506
505
517
523
551
546
503
465
576
541
470
469
541
531
406
409
493
491
377
375
369
367
365
365
488
488
533
534
534
533
427
428
427
426
434
434
390
387
376
361
493
490
443
442
318
320
438
436
424
422
465
335
463
460
360
359
453
451
407
408
430
425
307
307
305
303
373
374
439
424
471
249
411
414
371
366
385
385
321
320
420
354
424
423
388
312
324
326
438
427
397
398
312
299
391
390
416
401
350
353
285
285
385
387
307
308
353
352
296
292
361
361
367
354
444
408
483
480
349
345
276
277
237
237
318
313
340
341
303
301
294
285
354
352
294
291
371
367
315
312
353
355
301
277
290
291
329
310
317
319
333
329
196
189
360
361
343
335
289
291
273
271
294
285
298
297
322
323
246
246
309
307
406
176
258
255
297
289
274
273
297
296
242
241
266
266
216
218
214
208
433
305
307
279
276
219
215
302
277
267
263
272
265
264
262
283
284
253
251
195
199
202
201
199
193
163
162
222
209
207
195
260
221
216
218
249
231
191
176
193
138
286
286
265
245
218
221
251
252
221
224
197
196
240
232
178
178
207
207
243
239
202
197
244
244
222
218
195
191
218
219
257
256
234
228
186
186
256
227
389
204
204
211
200
197
197
203
202
198
198
202
201
185
167
182
180
232
198
187
184
150
148
404
191
190
213
210
154
155
377
198
198
172
172
153
148
141
144
182
153
161
160
206
206
171
171
159
158
200
191
182
186
150
150
301
142
139
243
155
154
153
133
113
138
131
142
141
139
138
181
178
198
187
135
130
143
140
112
113
263
113
116
150
149
188
189
247
114
102
118
120
246
136
136
128
113
136
135
137
117
120
112
126
114
188
127
127
126
125
114
110
86
70
122
132
115
106
134
100
100
166
98
99
148
86
127
120
113
167
816
797
722
681
777
773
744
724
881
515
712
713
688
651
557
540
766
754
616
603
625
620
550
488
577
558
536
532
516
501
537
535
817
754
594
605
633
632
497
346
484
429
612
395
555
536
542
392
554
517
634
331
554
552
508
480
442
297
494
490
628
608
417
406
402
390
604
570
656
474
453
427
617
297
573
288
625
317
526
529
499
484
593
370
504
444
500
425
447
445
556
319
592
333
526
404
624
348
539
525
555
546
461
351
609
159
472
470
730
207
622
295
527
387
385
381
638
320
393
391
688
312
513
516
392
366
516
388
454
445
553
320
432
422
614
385
337
335
439
434
460
428
455
454
521
401
603
195
526
535
466
465
728
84
394
388
486
464
664
256
365
313
335
323
442
298
548
527
478
457
680
301
364
351
563
185
340
328
515
232
471
456
465
456
444
395
526
273
428
420
426
338
405
384
477
403
360
292
554
169
399
388
707
156
361
308
724
116
494
262
336
333
421
406
473
224
488
364
382
360
417
297
527
363
393
380
579
154
499
497
723
84
420
178
448
273
418
414
415
322
352
334
616
163
480
222
336
296
341
283
412
291
376
366
385
383
467
383
393
386
432
242
324
323
498
476
450
281
453
447
395
380
379
256
598
110
289
288
318
291
318
298
428
251
407
399
385
313
442
306
335
330
384
370
383
316
480
304
348
339
361
328
454
330
436
390
335
326
310
300
351
361
335
255
435
373
420
335
449
279
398
284
268
268
298
281
319
221
307
328
354
338
492
167
435
268
362
362
387
236
476
119
336
236
348
238
508
212
317
250
321
311
361
253
363
257
396
374
277
276
368
366
348
327
412
241
514
177
470
196
342
321
302
312
405
387
253
248
393
205
390
375
248
236
365
189
572
133
386
369
291
265
420
239
466
203
306
273
299
176
453
252
383
234
289
276
309
209
346
307
264
262
461
241
348
270
271
269
352
177
323
304
352
339
431
309
345
305
272
253
348
207
411
258
424
177
386
261
335
264
423
182
378
195
313
318
302
270
390
353
368
226
274
273
323
301
370
181
506
244
269
250
323
266
285
276
350
270
276
278
452
185
269
266
434
191
273
264
351
318
340
317
306
287
371
223
344
339
256
228
263
256
275
250
356
298
268
242
300
265
351
339
311
296
308
262
312
288
231
283
395
257
364
299
245
224
289
283
373
275
315
233
304
288
336
285
247
223
285
281
323
267
364
336
343
341
349
200
320
301
312
188
524
170
327
317
290
273
311
279
393
153
272
230
305
261
309
290
278
236
356
155
266
244
401
93
354
187
292
170
319
251
243
176
309
305
253
185
319
282
277
265
289
246
272
268
260
240
413
240
288
259
286
275
266
253
311
270
366
314
259
265
276
253
243
225
320
270
286
247
293
276
218
270
375
382
268
257
271
263
292
273
378
108
259
233
299
241
360
158
306
292
295
206
268
270
457
85
298
288
285
173
404
122
370
239
302
280
318
241
442
45
270
229
391
100
331
202
236
183
247
247
413
135
261
237
413
68
312
317
281
212
307
87
256
247
347
191
343
342
180
177
364
155
239
237
290
224
334
255
302
276
221
223
273
249
351
224
457
150
272
211
277
275
352
354
251
240
400
90
208
200
342
170
307
181
235
214
294
224
203
186
436
99
209
176
369
110
261
235
358
84
385
65
327
208
270
194
245
204
291
266
234
196
220
209
202
197
294
161
259
245
254
243
217
223
225
211
217
197
240
228
237
206
244
234
277
180
225
218
271
275
282
146
286
257
235
211
214
113
217
196
320
161
223
221
214
161
185
197
206
211
221
179
278
201
236
208
300
256
283
232
284
278
292
208
266
258
288
263
296
159
223
224
284
278
255
254
214
204
245
235
242
237
247
241
343
122
244
183
249
137
280
250
246
181
208
222
243
234
360
97
259
179
308
189
283
223
304
146
280
152
313
136
185
174
340
103
336
158
246
152
379
135
269
186
319
66
239
182
316
146
225
209
193
197
350
180
180
172
267
265
207
170
205
173
301
102
229
226
245
242
354
87
287
213
282
88
246
239
271
258
250
258
309
235
258
226
265
227
252
210
238
140
261
177
309
138
328
118
230
124
269
269
371
74
253
240
185
169
234
212
251
249
206
163
234
107
288
86
226
209
260
225
250
177
232
220
227
196
218
195
234
120
302
240
252
161
261
263
232
136
173
173
247
199
369
113
303
156
190
182
201
177
247
144
379
88
349
90
266
204
257
197
223
188
224
176
278
274
258
191
266
87
198
169
212
214
238
222
326
103
220
173
280
133
228
136
224
193
263
142
215
193
300
224
245
190
226
204
132
127
251
235
264
140
285
109
155
148
302
93
231
155
176
153
259
158
284
73
223
214
184
181
181
183
299
93
218
208
239
238
257
152
184
187
217
199
190
189
197
188
293
108
214
154
290
124
206
178
243
225
231
156
321
88
181
166
186
184
206
210
242
144
183
84
179
171
284
270
179
175
236
117
256
139
246
92
249
96
150
148
248
155
196
192
277
126
169
158
241
163
169
122
201
193
204
85
179
170
209
163
235
131
219
193
208
188
280
114
285
121
218
220
242
120
209
206
208
135
157
148
154
131
258
99
193
188
216
184
202
196
215
127
174
174
190
193
292
64
194
184
212
193
212
212
197
116
170
150
261
79
182
182
204
193
236
74
244
222
220
221
220
210
219
222
285
104
213
168
168
165
173
179
231
213
174
166
270
112
158
155
200
138
176
148
238
75
196
155
211
191
231
83
240
149
231
219
273
94
333
126
285
142
280
134
204
92
172
129
143
159
213
203
349
61
198
140
194
175
274
217
197
171
193
219
146
144
202
152
234
82
174
162
194
170
170
167
213
102
215
207
348
61
204
160
245
99
161
143
179
126
162
157
206
205
233
144
177
130
188
182
222
158
160
52
171
140
212
89
142
128
189
151
236
155
297
92
171
162
205
127
190
185
198
169
211
211
198
156
209
149
190
170
208
83
236
120
145
141
152
151
206
206
274
98
183
145
163
145
239
118
182
147
166
164
280
129
213
172
305
58
247
65
180
151
192
160
181
161
191
158
153
154
164
121
166
158
239
136
173
122
182
177
171
141
206
110
248
53
185
122
203
175
155
138
202
84
192
133
195
168
205
145
178
140
166
166
161
158
207
114
205
151
147
130
251
158
188
187
209
210
137
128
226
97
245
137
142
150
198
137
157
157
131
122
147
160
195
192
253
53
175
125
162
156
216
107
204
171
189
172
173
131
173
103
178
88
172
155
151
120
227
233
233
129
175
164
190
172
215
33
225
101
211
126
194
109
279
68
177
160
187
80
177
168
172
146
199
175
180
177
174
112
142
145
191
194
227
104
178
79
235
64
179
149
226
146
157
122
132
139
148
140
146
144
141
115
142
138
221
150
164
141
166
143
149
160
203
64
198
138
171
158
156
135
176
143
126
117
175
144
206
111
168
113
282
56
158
111
113
98
163
148
113
120
204
107
126
99
169
154
163
159
148
133
160
77
200
78
219
119
214
133
159
158
132
143
157
143
151
103
131
109
198
137
151
130
162
118
173
48
124
126
187
163
187
119
134
119
165
163
195
140
158
145
295
99
142
82
205
98
151
139
189
86
175
151
134
118
159
122
100
75
145
140
157
101
150
135
216
170
131
120
177
133
168
115
170
67
161
130
141
91
149
85
122
144
219
86
172
154
131
129
113
105
119
117
133
92
142
108
210
136
156
102
180
113
188
98
193
93
199
190
131
94
168
143
157
85
173
124
100
92
174
133
141
113
158
99
148
148
124
107
140
129
174
168
114
129
173
165
136
130
129
78
124
108
123
81
120
74
134
129
108
102
180
108
149
129
142
127
184
87
179
173
130
142
166
107
156
100
193
134
163
95
140
98
106
102
123
128
185
75
144
142
132
139
141
99
189
145
158
127
130
96
140
98
196
117
209
84
166
111
164
102
126
112
188
93
162
123
171
84
180
113
208
96
132
124
181
89
161
155
168
107
140
127
165
86
135
110
136
112
166
88
161
144
120
115
195
97
133
107
144
143
160
113
141
109
170
68
154
146
104
101
134
85
157
138
185
98
141
94
168
107
178
117
113
102
123
145
157
57
127
125
148
99
181
93
129
127
118
115
145
142
200
116
126
121
135
73
140
122
177
75
109
91
149
123
142
125
144
85
121
93
162
109
131
117
147
102
166
103
148
118
139
94
157
137
115
107
141
128
144
99
129
103
110
104
176
109
141
141
185
69
151
96
94
92
188
102
167
118
115
115
128
102
208
66
139
83
81
85
142
102
155
103
140
104
137
92
100
125
153
93
134
119
92
89
177
105
164
86
143
121
137
134
118
87
175
127
166
103
135
120
112
87
119
70
183
81
171
123
132
88
110
71
147
78
130
92
135
107
134
118
97
85
165
112
110
104
102
73
128
95
147
78
139
92
129
107
121
108
178
115
122
102
128
99
131
106
149
72
172
82
148
59
108
86
128
73
123
123
186
89
151
93
130
131
142
47
130
105
128
126
129
128
117
99
171
116
113
103
148
88
159
116
87
82
107
77
107
88
109
68
139
105
101
82
155
44
157
102
122
91
118
103
112
103
103
83
139
122
122
89
96
91
100
75
109
81
126
130
119
109
113
110
136
105
124
101
130
99
100
85
105
99
105
106
159
96
109
99
100
108
110
111
150
74
152
131
141
111
99
100
118
106
92
74
152
75
104
83
116
96
114
83
99
101
105
101
127
130
125
112
121
110
138
131
107
109
97
81
133
110
115
104
118
107
96
74
127
133
98
93
104
97
113
95
108
98
124
117
133
71
101
106
153
93
106
100
118
99
157
113
115
99
118
120
125
70
107
105
109
110
82
84
98
88
109
96
113
101
144
119
118
111
103
95
99
96
111
101
137
62
73
65
92
79
107
102
85
80
103
80
124
50
120
72
116
118
98
87
113
66
128
88
109
103
96
58
154
82
85
69
103
67
86
88
93
95
95
105
114
93
99
93
90
97
147
143
119
106
89
93
109
66
104
76
140
69
125
98
99
94
116
55
92
100
108
107
111
67
94
87
93
89
65
63
109
78
107
76
128
83
118
99
141
61
99
104
122
54
137
81
133
77
101
59
117
71
90
87
119
74
118
81
121
67
90
100
102
78
104
106
81
66
82
73
123
114
85
71
110
72
83
79
94
80
89
80
113
91
116
66
110
88
106
102
106
106
101
78
108
78
76
73
104
69
126
70
129
83
111
82
96
78
104
93
95
93
66
69
78
49
94
94
84
85
84
55
83
84
131
116
67
47
106
97
122
78
74
54
89
73
122
34
96
70
102
86
98
68
108
69
82
62
89
86
83
78
120
67
68
48
88
91
102
87
87
82
89
43
70
50
82
64
62
49
79
84
66
62
63
78
99
86
97
89
88
79
94
63
81
51
102
82
103
91
86
85
78
76
99
68
111
56
130
93
72
67
97
55
55
38
58
59
78
56
62
44
46
47
61
58
93
57
61
56
95
72
65
62
106
65
92
51
70
62
105
34
64
30
94
44
58
51
84
58
40
33
52
52
33
28
307
84
153
598
486
485
204
185
208
235
95
80
58
65
58
1242
1155
1014
1050
936
882
1035
814
711
749
780
839
859
750
734
903
723
631
927
729
659
651
773
711
761
570
678
702
766
614
652
650
554
521
724
656
696
603
597
658
652
627
765
636
576
620
574
740
662
603
634
575
649
536
569
530
641
529
645
597
698
698
614
607
501
566
627
593
557
536
600
491
561
556
486
551
662
638
539
560
752
703
599
478
446
642
488
619
584
575
646
546
599
615
624
564
476
609
586
643
667
607
557
577
531
572
603
511
526
484
561
624
499
532
613
500
504
557
497
450
475
545
479
586
470
548
567
486
633
585
531
470
567
486
418
462
549
548
497
553
523
465
565
583
504
459
564
529
554
563
555
632
455
458
524
496
547
456
407
531
567
474
577
493
584
434
560
562
612
429
417
524
453
590
539
432
489
459
480
516
555
462
638
487
508
469
448
408
403
502
506
523
588
449
510
437
564
547
553
450
593
459
458
593
520
565
492
445
572
538
524
505
452
422
438
533
483
532
442
521
459
456
523
467
475
494
408
337
467
399
394
472
477
473
461
460
412
534
541
485
405
498
509
539
478
476
573
528
572
387
391
472
495
377
529
607
383
531
490
458
412
419
494
531
373
518
532
430
428
525
558
428
498
568
514
532
538
568
563
487
545
448
381
470
518
495
518
447
564
396
437
516
465
504
470
437
456
524
573
502
521
538
469
448
485
574
475
550
485
465
477
434
552
427
445
462
456
385
482
421
486
558
379
427
532
454
566
444
465
572
562
513
422
421
410
441
428
476
526
423
518
452
443
369
362
439
368
516
423
480
500
512
476
485
480
450
377
485
480
450
414
372
532
441
456
402
460
457
457
489
348
445
464
470
481
431
409
526
370
415
397
369
579
304
484
524
444
508
461
397
500
526
485
341
423
469
465
479
546
560
495
326
423
464
386
464
469
415
437
409
475
463
454
454
377
447
338
470
443
424
406
441
514
465
417
343
424
520
346
548
495
357
343
462
410
378
495
423
438
511
386
343
359
495
498
340
369
447
438
467
422
412
414
410
509
391
423
419
389
490
468
458
423
454
455
395
459
454
493
422
417
416
475
332
494
420
507
432
391
482
431
438
447
519
414
324
440
414
417
429
359
449
389
459
445
484
380
401
414
485
414
466
524
476
325
430
398
510
395
372
385
518
477
455
362
367
400
437
435
389
349
372
420
416
449
453
371
394
372
411
390
437
338
362
306
417
412
384
482
460
438
408
365
446
339
428
468
452
479
388
409
461
419
400
416
501
437
400
446
430
422
393
424
370
411
340
369
413
460
402
432
391
402
436
519
447
412
476
385
423
459
464
367
408
427
444
327
352
414
386
400
381
473
432
391
383
366
457
371
418
379
385
372
440
323
453
494
446
391
426
399
364
381
402
444
394
382
290
447
417
395
297
384
409
417
411
435
445
362
452
418
412
404
354
489
382
449
425
476
391
478
348
374
432
410
421
400
455
421
357
428
425
400
330
369
428
316
366
370
399
483
397
346
390
488
305
367
406
422
405
388
384
299
545
349
447
457
416
475
419
396
453
395
399
360
349
385
366
339
441
381
378
415
438
435
256
420
463
450
391
475
359
320
330
375
310
437
408
426
353
362
320
456
378
451
325
329
319
450
420
423
408
470
410
368
423
414
441
302
420
387
402
362
461
419
366
258
435
458
405
304
328
414
327
363
408
348
439
498
432
451
425
398
397
326
369
424
385
380
334
341
366
365
354
379
378
279
390
394
337
383
302
451
493
411
443
372
455
348
428
401
399
393
362
398
410
333
326
444
398
391
366
378
449
407
362
385
312
368
310
349
380
353
349
372
384
370
471
296
381
394
377
389
347
325
371
439
311
409
444
368
380
338
356
389
388
395
409
371
373
360
379
307
387
379
373
327
352
417
369
328
320
415
354
328
394
425
432
380
423
395
387
344
427
342
376
466
320
343
372
374
454
336
347
336
385
413
390
390
357
345
387
321
331
329
343
348
419
322
421
434
337
349
350
384
364
378
401
365
374
347
316
400
344
373
322
351
311
292
373
382
348
413
318
368
372
341
298
372
480
269
386
318
363
363
405
339
365
347
391
375
400
360
283
358
353
332
419
301
298
333
297
329
367
374
346
303
454
363
385
364
371
354
351
354
330
409
368
342
354
351
354
447
303
441
377
330
343
338
324
400
324
399
329
400
346
351
276
301
370
277
436
425
368
417
447
356
373
387
381
340
364
448
430
378
393
391
431
332
375
321
396
377
319
380
427
312
341
331
395
294
353
441
405
320
323
344
388
401
338
343
303
298
340
362
332
311
313
307
340
406
371
360
375
371
334
338
395
385
362
366
360
380
388
399
385
353
341
307
360
357
372
353
428
317
361
377
375
354
361
331
347
349
405
390
370
303
305
294
381
398
374
354
374
369
367
334
343
272
373
346
314
349
347
392
401
344
324
327
338
371
284
361
305
416
394
354
300
268
389
394
339
366
313
382
330
391
333
289
297
342
296
253
400
399
333
363
291
265
319
334
347
302
367
337
291
341
336
359
345
354
323
329
274
395
366
309
369
335
370
389
379
374
317
303
481
312
379
314
302
282
385
380
423
414
285
308
322
360
336
428
343
366
335
350
378
351
323
346
386
246
278
361
313
337
349
361
384
319
307
354
298
356
298
307
357
348
251
412
313
320
334
352
334
354
325
308
331
375
388
362
379
371
279
351
320
365
324
357
345
340
280
337
355
364
286
361
373
358
302
360
285
333
333
272
298
274
343
299
297
350
305
359
353
378
370
326
338
339
322
398
352
376
371
315
321
329
280
387
262
336
329
343
331
385
174
354
351
364
378
323
297
286
316
394
260
360
330
284
426
302
353
338
320
319
347
328
342
287
288
289
300
394
364
351
396
402
338
336
358
306
435
347
298
350
278
303
332
318
345
340
357
265
368
319
299
351
313
339
362
327
300
312
355
286
333
406
287
446
317
342
357
267
323
364
312
304
323
370
331
368
365
336
345
214
335
349
316
388
367
223
268
346
285
314
368
370
285
346
312
340
329
306
308
287
359
351
355
415
344
285
297
250
297
290
325
415
314
369
312
299
342
277
343
297
327
322
326
247
316
286
281
331
326
316
294
373
379
327
422
337
363
392
359
414
251
279
372
403
330
344
324
329
285
333
403
298
273
313
323
298
290
293
313
309
292
262
269
332
360
355
260
351
387
250
233
382
314
290
322
349
282
308
314
295
343
299
304
294
292
337
237
280
305
337
232
300
349
251
265
266
274
317
341
352
305
345
306
362
380
306
307
380
386
322
349
303
364
275
330
363
362
319
256
312
247
338
309
270
284
398
365
390
297
339
281
298
356
332
381
285
334
395
280
339
291
329
287
297
265
272
394
313
290
249
176
342
334
290
277
246
285
318
413
254
398
381
313
242
382
284
239
364
313
348
305
326
318
282
337
341
292
362
359
299
324
370
294
270
339
372
350
272
336
368
277
350
353
355
289
386
392
235
264
307
303
333
324
363
371
265
295
249
347
336
341
282
326
364
287
278
293
334
324
283
308
381
283
246
239
300
322
317
273
292
323
310
250
297
321
322
294
348
322
379
345
274
303
334
322
446
295
337
298
330
381
382
293
326
309
288
301
269
355
282
259
312
315
276
263
360
364
252
311
283
380
335
322
353
352
349
318
324
313
292
258
267
279
257
304
297
273
290
264
370
337
257
257
329
315
371
272
352
282
250
302
315
353
384
311
257
274
313
251
271
296
314
285
348
321
301
314
267
331
320
282
359
306
302
330
360
258
253
339
320
345
327
353
323
291
254
304
291
291
331
327
321
302
233
265
299
340
240
329
348
305
298
294
309
282
276
357
268
286
319
242
312
325
369
301
331
343
258
321
242
277
333
317
314
347
325
267
319
317
261
298
313
361
306
295
314
285
371
323
316
306
300
255
324
216
267
330
295
305
282
310
335
302
279
304
270
316
227
346
331
285
334
234
301
284
299
344
254
277
299
258
308
386
250
302
261
268
316
244
278
312
292
311
323
307
268
274
281
288
290
304
290
341
260
314
351
273
291
265
301
354
284
341
322
350
277
356
268
263
241
262
307
292
277
264
307
248
319
308
331
310
295
231
306
310
299
325
330
256
367
336
319
247
226
301
274
310
233
321
216
293
303
325
302
285
279
317
311
332
293
276
313
334
343
310
272
294
347
211
311
268
265
284
319
268
304
290
265
267
272
291
564
252
239
260
297
328
373
303
323
289
345
221
205
251
277
310
333
249
286
327
315
290
354
296
340
315
271
274
248
275
278
246
240
278
225
270
349
320
288
261
356
281
334
350
326
295
353
312
274
281
267
261
297
260
209
262
289
254
325
358
277
269
295
254
321
280
317
279
299
336
293
259
329
193
352
324
237
303
258
330
329
344
299
272
257
326
243
282
307
227
252
309
229
331
282
306
276
268
261
299
310
320
283
323
247
311
324
310
269
316
320
292
263
257
227
303
316
236
312
227
309
317
306
319
283
248
306
282
321
307
369
249
256
276
214
300
247
251
303
262
291
274
299
301
255
323
307
278
204
292
277
321
342
287
219
294
324
274
290
285
257
230
223
249
271
235
270
255
302
269
314
309
263
222
302
353
297
289
289
262
219
311
282
248
236
299
320
325
320
357
239
262
323
275
267
287
260
310
230
321
276
321
278
227
331
271
326
265
332
302
270
252
269
265
244
322
284
292
264
291
286
339
340
290
278
303
209
289
239
329
352
252
338
320
249
245
283
305
280
284
320
218
261
288
270
341
243
283
271
265
269
273
273
283
296
331
325
298
270
264
241
265
330
335
314
288
343
250
306
269
308
276
260
227
247
256
248
309
312
286
291
250
276
315
266
358
231
210
210
304
275
291
207
281
258
242
212
305
307
326
304
243
254
268
251
262
268
260
268
299
273
293
267
270
276
287
338
250
250
331
298
259
291
296
284
258
266
286
206
249
291
256
254
286
273
234
252
341
290
299
252
324
228
298
272
271
290
237
310
262
253
238
284
282
239
237
283
256
230
267
299
211
250
272
277
227
292
305
286
289
236
239
232
276
297
279
277
310
254
209
269
322
282
237
321
243
266
270
280
292
253
291
251
317
277
272
301
297
329
298
246
320
322
214
275
322
232
214
254
245
254
242
231
283
252
245
298
260
212
193
256
198
265
267
275
229
303
301
293
316
236
267
244
253
263
187
307
218
248
316
271
321
285
268
344
231
326
266
250
237
195
314
216
339
268
219
275
334
283
231
291
264
288
298
294
237
271
262
280
299
285
297
252
214
332
278
252
288
225
291
262
281
252
268
272
296
274
210
212
282
217
311
285
261
269
262
295
170
261
210
256
271
249
210
251
309
291
283
257
229
243
328
258
226
293
326
249
211
292
277
332
242
254
265
198
265
309
266
273
235
272
189
237
252
260
333
258
267
312
281
235
288
300
262
221
311
268
289
260
282
258
302
216
260
253
253
269
179
237
239
288
226
197
257
241
218
236
290
281
233
271
315
212
230
260
242
242
296
249
258
236
248
294
304
224
250
281
254
218
203
221
262
211
233
265
315
255
315
237
285
288
278
199
199
250
247
259
232
205
290
244
232
304
174
269
243
271
296
254
204
234
234
291
267
273
267
225
273
256
305
245
194
279
234
262
261
240
264
271
296
292
246
270
251
236
280
196
273
233
269
287
233
339
267
332
251
241
292
228
234
248
235
292
266
237
276
329
251
285
228
288
287
296
239
306
199
269
244
308
287
244
229
291
197
193
261
211
255
221
231
212
320
262
217
285
321
293
263
244
210
288
235
307
260
295
341
194
283
276
251
315
307
240
292
278
259
200
280
221
249
252
234
282
331
250
265
230
229
281
236
255
210
272
334
216
298
206
204
326
274
278
209
292
241
247
293
246
237
267
250
269
264
275
255
239
275
221
239
294
332
255
224
337
277
245
228
251
235
252
231
256
215
229
271
267
199
239
232
290
337
222
191
257
259
270
239
283
268
247
252
254
258
227
263
290
246
275
199
266
274
250
294
209
276
228
290
223
209
242
309
270
213
269
258
293
257
253
250
258
190
263
234
283
260
238
292
265
182
323
267
291
301
290
282
188
270
232
249
200
284
279
280
239
257
223
222
259
268
276
252
201
273
212
177
261
240
215
253
248
217
249
233
264
283
208
214
229
197
289
275
235
265
291
249
233
239
231
203
276
279
222
236
229
223
296
192
219
213
201
272
320
224
262
290
283
211
315
282
282
278
248
188
306
238
250
258
269
286
230
292
258
227
223
294
298
219
230
245
253
294
247
268
291
270
232
260
241
246
266
236
212
208
265
198
240
217
217
205
205
249
236
186
246
252
238
235
278
268
286
272
177
235
289
216
296
246
242
264
216
254
288
273
271
201
317
220
224
243
233
239
231
205
217
236
271
278
244
251
235
278
226
217
229
225
263
206
246
211
230
220
224
225
219
270
266
296
173
187
250
306
216
240
251
299
264
224
281
316
274
289
184
246
238
229
256
262
277
235
245
259
262
288
213
249
237
259
293
235
255
275
246
299
231
260
279
203
264
241
189
267
221
289
252
271
228
275
210
174
281
232
271
248
271
222
221
259
189
206
197
233
261
265
226
258
280
231
207
292
228
280
266
234
206
187
315
215
307
238
268
257
239
258
257
262
229
245
189
308
227
196
234
251
227
225
272
252
227
257
275
257
263
237
219
217
264
319
285
239
199
203
243
231
235
272
216
286
271
247
219
207
172
268
249
261
247
264
248
240
204
213
221
233
206
279
237
235
233
254
238
240
254
237
250
270
218
207
250
201
196
248
236
208
187
215
191
259
284
240
261
185
262
239
293
257
175
193
277
247
281
260
209
238
252
229
170
228
214
285
255
265
277
256
248
214
226
243
186
233
235
270
203
269
269
269
218
232
197
273
276
236
246
242
220
293
302
229
224
176
265
253
206
261
252
238
244
266
182
232
235
187
234
219
209
255
296
237
202
229
191
193
237
272
234
205
258
180
254
163
257
199
235
211
254
184
244
227
232
195
216
171
263
204
268
290
261
194
249
264
244
200
242
269
224
245
256
224
252
233
232
210
267
238
222
226
209
233
243
278
179
219
253
264
211
229
264
234
279
229
223
226
195
211
219
196
308
259
222
184
277
207
257
241
221
272
241
234
242
203
191
227
279
187
214
243
230
270
240
251
200
208
214
255
258
215
270
173
252
218
188
238
240
276
289
249
225
249
253
203
232
239
240
285
239
177
156
216
243
276
254
323
248
224
233
204
189
275
210
222
226
265
223
226
231
250
234
218
210
222
220
245
210
246
262
268
204
241
219
241
234
225
195
267
189
247
217
239
188
222
219
216
267
188
175
209
261
202
195
216
231
206
201
214
241
227
223
218
234
254
183
194
228
242
217
235
188
232
242
193
218
221
182
202
260
271
163
253
217
252
196
260
268
249
234
264
272
206
189
248
265
218
262
241
227
222
204
178
156
195
248
182
225
210
241
229
233
197
216
230
209
262
214
192
188
199
176
208
254
338
230
216
237
297
286
205
296
210
227
229
241
225
296
206
250
189
253
277
248
207
208
195
203
272
239
212
265
263
248
324
191
196
278
207
213
187
253
241
251
244
228
179
219
177
267
229
223
206
212
200
235
213
178
209
237
221
261
262
166
231
232
238
202
245
211
264
189
170
318
204
272
234
250
171
169
223
234
236
236
225
227
227
202
213
280
258
230
211
248
231
217
290
227
222
242
226
199
228
247
202
289
244
274
209
281
218
198
231
235
195
169
201
227
226
186
228
212
252
199
239
194
233
234
270
204
236
205
234
208
233
209
207
191
213
234
230
240
210
234
195
229
228
227
243
191
180
208
226
190
235
234
253
177
210
214
197
220
212
222
211
256
232
216
227
205
233
214
197
234
254
204
268
231
210
237
229
184
235
185
201
275
231
214
218
187
220
235
252
233
189
255
243
181
200
259
201
205
205
188
265
237
240
219
186
246
214
251
215
246
245
262
247
198
220
161
230
215
267
269
201
167
230
251
211
224
198
271
246
250
183
211
202
227
231
175
232
191
201
207
266
205
230
227
220
240
203
195
244
235
241
272
290
193
228
262
240
252
168
242
240
183
223
229
201
239
263
189
194
246
244
179
261
214
186
284
246
217
248
227
233
228
245
233
223
156
249
193
240
229
219
233
232
209
253
214
228
238
226
238
245
211
203
236
199
190
205
228
254
211
236
145
193
181
211
196
275
159
247
246
230
271
249
142
276
229
235
229
188
322
236
172
189
199
218
194
257
202
244
239
237
197
206
293
208
139
213
262
199
249
222
214
206
230
236
247
181
235
190
185
200
232
223
171
173
215
261
254
257
269
216
202
213
207
183
237
178
239
195
212
223
239
223
193
224
207
226
247
188
336
220
200
192
222
205
206
233
172
198
188
230
204
196
236
201
221
216
174
218
214
259
228
246
203
249
196
181
191
227
228
261
192
215
241
213
167
206
225
190
236
249
267
223
201
224
212
205
182
227
205
137
162
233
203
197
239
258
207
216
189
203
187
221
278
206
219
238
208
221
191
209
199
207
263
240
141
221
225
212
225
197
225
191
212
186
185
250
209
218
191
176
192
192
246
201
218
186
235
218
207
185
235
258
224
201
220
213
235
230
232
243
152
196
198
206
241
147
222
197
161
200
200
228
188
215
194
254
199
167
189
182
197
163
238
217
181
238
199
262
270
188
235
202
143
206
209
272
145
191
216
193
242
178
198
211
212
242
161
251
239
215
255
235
191
253
197
211
207
194
181
171
212
195
146
197
190
240
176
191
177
170
149
183
144
257
184
196
205
230
192
189
200
186
247
223
165
161
194
246
195
174
195
221
205
236
197
258
190
168
225
186
217
198
217
192
173
212
234
208
223
257
208
213
243
215
189
169
188
224
143
204
171
243
234
234
207
245
247
198
242
222
214
226
212
225
221
188
200
204
236
168
210
244
182
180
248
217
167
201
230
263
228
225
198
172
199
243
223
195
189
217
185
187
211
246
279
217
218
178
308
182
321
252
201
210
344
189
217
185
229
190
197
208
218
232
195
220
194
203
195
238
203
207
226
193
209
226
197
178
162
219
166
175
176
257
209
245
155
225
221
203
204
171
203
222
247
221
211
146
218
207
214
246
219
199
209
198
232
203
172
196
186
214
165
221
229
241
202
264
248
203
202
221
230
232
188
230
240
210
194
171
225
204
230
235
211
248
173
167
237
234
178
201
204
230
178
267
253
200
241
246
258
183
177
206
229
182
223
190
221
213
248
217
199
231
216
217
200
238
162
212
247
202
198
217
207
203
232
168
264
231
186
233
184
229
214
244
161
187
233
161
167
224
175
229
287
196
196
279
191
186
169
170
217
213
171
219
195
160
177
255
189
230
209
209
179
234
172
168
185
245
178
211
223
233
178
238
212
182
203
194
223
197
170
253
234
244
220
192
172
249
208
241
150
188
210
239
191
184
196
220
186
152
169
236
234
232
175
228
183
154
204
201
177
184
240
208
145
179
216
219
181
163
204
204
209
233
211
240
242
196
253
193
172
169
227
213
217
170
247
161
155
165
214
222
209
245
246
219
208
189
207
185
155
210
183
182
209
145
208
228
159
219
215
223
163
181
189
225
156
194
164
137
159
178
163
200
221
234
202
209
169
210
197
163
251
184
248
221
218
168
152
177
191
192
224
178
206
209
235
198
177
207
154
208
231
198
224
215
213
219
201
185
227
197
219
237
193
174
232
193
257
222
245
156
197
214
216
198
213
156
220
198
153
206
230
198
186
169
189
167
182
167
203
246
213
210
193
254
140
207
185
240
240
192
186
156
202
170
171
186
157
217
251
273
184
208
215
209
263
173
171
196
146
248
187
194
216
253
209
221
174
218
172
145
204
207
202
157
211
237
207
253
170
241
247
215
226
229
165
191
224
180
214
207
217
245
230
231
163
152
209
188
186
206
250
150
212
233
178
269
177
195
289
220
199
251
172
188
242
195
239
174
183
159
208
176
209
211
194
155
172
183
160
192
176
163
207
191
186
200
240
202
215
207
191
172
211
229
176
151
223
189
201
198
153
168
164
228
214
183
200
164
219
194
156
215
177
206
171
192
191
206
186
212
202
190
187
156
228
205
171
144
179
228
187
206
183
204
225
149
175
213
176
187
200
209
186
181
135
174
177
156
202
187
187
168
205
200
226
195
182
199
221
232
159
168
178
150
167
183
181
184
173
186
225
162
168
240
226
224
151
205
226
172
186
214
272
301
222
162
194
197
176
192
219
225
222
211
174
197
183
205
211
218
176
209
230
205
204
206
276
224
199
212
181
190
226
179
224
198
201
182
176
192
169
194
161
196
186
174
185
202
186
203
163
206
219
197
247
208
224
212
213
241
183
202
227
192
188
172
208
202
204
179
211
211
178
189
202
172
206
198
212
197
202
214
170
218
172
163
162
142
192
207
218
161
215
197
148
231
158
244
209
135
159
188
258
213
172
216
127
215
157
175
175
172
170
155
192
197
184
216
213
201
218
162
151
198
219
180
170
195
189
165
152
187
216
236
191
188
258
169
266
185
153
171
221
225
195
188
144
171
152
206
211
245
211
203
125
150
208
174
194
236
162
196
205
146
167
135
187
154
209
188
181
212
173
196
205
172
179
202
187
193
217
176
155
165
182
212
160
163
129
173
156
183
207
194
191
249
199
178
155
225
182
184
210
137
180
166
180
141
174
221
197
172
190
199
229
195
197
185
236
168
232
206
188
174
181
187
167
117
200
233
198
193
166
198
219
167
181
171
254
152
190
192
188
198
161
177
168
161
179
176
238
237
184
177
213
175
209
167
162
229
151
166
217
193
185
175
241
196
141
154
176
164
203
160
113
188
260
205
205
183
175
266
168
159
184
228
162
208
210
184
218
205
146
191
247
204
197
164
187
160
202
230
172
164
208
200
197
156
178
179
250
215
170
126
193
185
171
173
199
192
215
177
167
206
210
168
161
226
168
165
194
200
151
196
172
196
210
219
157
198
125
242
167
152
172
179
163
206
213
192
204
189
184
154
207
176
193
156
145
145
195
167
240
184
197
235
181
152
191
174
183
158
192
224
200
164
217
182
178
224
178
208
158
195
175
149
157
141
167
168
168
239
193
178
190
226
193
220
220
183
276
157
218
180
144
176
132
154
193
223
207
161
232
180
178
159
196
167
138
173
214
165
183
177
218
170
168
185
227
205
213
222
216
213
178
176
206
194
136
159
187
174
147
182
160
122
159
212
168
199
190
235
184
161
170
227
148
162
162
121
192
149
196
181
147
173
171
136
168
181
144
205
172
216
152
205
189
148
155
194
150
194
209
172
209
169
172
170
187
163
212
148
167
174
172
122
173
194
236
164
209
188
137
167
150
162
188
231
120
216
152
139
225
139
155
175
199
140
227
166
203
192
133
148
197
223
190
164
164
192
169
149
168
163
164
141
177
191
136
193
188
188
200
178
163
187
186
198
226
156
192
156
177
166
188
141
216
235
152
184
164
193
202
162
220
188
218
136
182
201
143
179
164
136
176
216
196
225
153
241
218
174
169
170
144
185
151
185
182
191
182
160
197
192
172
206
157
178
200
161
227
174
181
185
157
182
215
201
177
182
187
208
180
142
190
159
181
153
163
213
149
171
174
134
176
154
143
146
192
167
177
200
189
154
188
229
144
183
186
123
221
166
145
135
154
171
177
161
156
176
163
127
151
180
205
199
172
132
168
190
184
180
172
177
229
165
195
182
159
182
161
184
174
187
180
204
223
189
186
154
199
200
144
153
188
154
165
164
177
166
197
146
160
212
168
165
156
146
196
196
172
195
173
151
218
185
159
178
159
150
152
137
148
207
183
155
169
177
177
127
193
195
194
160
221
143
234
120
185
182
154
176
148
184
150
171
182
170
157
167
180
198
187
184
204
202
154
157
175
171
143
162
194
139
192
206
145
193
231
159
150
188
207
186
168
193
181
150
193
142
216
236
170
143
167
200
226
147
172
170
181
157
225
190
161
169
198
190
185
152
204
164
177
195
143
195
142
151
216
202
187
169
141
181
167
134
214
193
240
141
126
162
186
189
189
150
151
151
142
190
157
180
181
140
192
184
190
149
181
173
196
190
166
162
155
191
161
144
136
207
189
161
147
198
141
185
193
172
176
150
165
184
179
173
204
184
218
215
202
176
181
171
171
157
194
166
189
145
205
177
202
139
191
203
179
168
170
200
197
240
153
186
147
155
146
184
116
176
182
192
168
188
192
199
223
202
173
224
171
144
136
146
130
197
127
187
179
169
174
192
157
150
184
197
187
149
166
178
162
162
142
185
161
192
171
169
181
189
161
212
199
188
156
218
146
188
176
153
197
229
152
144
144
159
202
176
147
218
181
122
163
179
177
167
194
214
183
176
139
159
166
134
163
163
199
160
164
201
190
134
180
142
154
166
164
180
139
128
175
175
201
199
177
146
194
195
198
205
143
180
137
190
173
206
176
186
172
148
131
106
164
147
172
157
172
176
125
163
204
161
192
171
164
168
166
126
175
175
154
164
172
172
164
152
191
176
159
226
136
211
200
125
138
127
142
185
143
158
203
199
163
174
178
183
204
184
161
178
200
206
165
152
170
116
170
164
163
139
180
136
125
193
200
213
210
152
160
174
148
147
151
175
138
136
173
159
156
131
206
151
159
176
181
176
166
178
161
158
150
165
182
130
171
222
178
207
189
192
143
181
158
165
172
192
158
147
203
150
174
178
133
186
147
144
160
181
162
235
184
152
166
182
146
189
146
193
173
151
165
160
141
184
161
156
120
146
183
176
172
118
213
193
169
174
162
163
134
148
160
171
143
121
179
114
183
161
135
111
171
194
197
174
161
174
154
185
177
138
195
170
169
197
126
161
184
162
129
162
140
187
206
161
168
161
200
137
135
130
175
144
165
178
150
147
162
163
161
148
144
130
161
211
185
147
183
188
165
166
186
113
174
193
184
159
247
167
177
178
189
165
152
154
156
189
162
227
217
154
194
179
140
177
196
208
190
152
143
173
170
180
190
162
187
167
166
178
227
148
183
139
145
132
166
139
156
159
208
135
146
186
148
190
200
139
143
150
162
189
164
167
158
163
141
171
135
175
177
174
130
153
191
119
174
153
145
174
162
178
174
147
157
165
123
162
220
187
188
240
156
173
143
159
175
170
178
179
141
140
157
138
168
163
139
166
136
181
152
185
148
194
164
134
179
172
189
130
201
166
176
170
139
159
149
147
160
154
129
155
169
162
179
128
141
142
145
169
122
170
155
226
147
199
187
154
185
150
169
227
139
168
135
122
196
157
176
143
184
182
178
145
181
186
169
173
164
180
138
172
185
168
147
148
159
151
156
158
122
145
159
200
141
122
133
179
192
172
176
168
151
178
160
153
176
168
150
128
158
147
163
145
175
153
178
155
164
152
140
150
154
165
124
155
136
152
151
149
158
162
138
178
157
131
128
187
129
119
175
148
170
144
175
200
207
133
162
160
145
179
147
153
196
145
142
182
160
163
136
203
137
198
168
161
138
177
195
187
179
140
162
157
157
177
154
150
142
189
175
132
213
186
130
156
157
146
185
147
154
163
171
168
193
137
146
147
153
171
173
177
137
204
161
140
189
137
142
146
137
162
148
176
144
184
196
167
191
172
132
142
112
180
145
173
172
149
171
120
131
152
171
167
195
192
153
178
198
128
139
153
126
165
153
171
185
164
190
234
150
131
138
185
140
153
138
150
161
175
175
163
103
130
155
169
169
164
150
137
175
165
142
128
177
164
160
102
121
144
145
196
131
162
137
138
220
138
183
125
118
174
184
148
126
144
150
135
196
157
162
140
132
168
137
166
127
127
179
175
149
151
122
158
145
140
134
194
124
165
162
186
147
171
195
113
148
157
182
160
145
151
142
159
159
144
128
151
120
192
131
128
141
146
190
211
201
146
201
151
139
153
160
135
123
186
164
142
188
189
149
151
131
161
157
186
138
137
149
155
145
151
177
195
125
181
174
184
144
146
170
159
152
176
146
140
153
202
150
169
164
174
190
187
129
175
182
181
154
151
219
141
147
128
153
163
158
157
150
152
141
160
179
132
196
171
131
111
185
168
153
147
157
147
175
131
156
197
170
133
132
203
145
147
141
154
151
129
140
114
162
111
142
121
149
134
163
145
205
123
179
176
153
180
118
140
150
142
111
165
154
189
206
129
152
153
195
176
138
139
145
209
170
177
170
213
172
148
162
121
168
141
136
133
138
182
155
148
116
166
143
153
149
163
137
158
155
162
150
111
158
193
201
198
170
158
197
183
165
151
130
119
185
138
169
179
186
130
195
172
174
133
152
141
142
186
187
145
121
172
183
128
149
147
148
121
158
133
132
168
169
147
132
147
162
164
185
163
156
119
143
151
145
163
111
174
123
185
121
118
148
152
169
123
179
160
169
125
186
154
162
147
151
120
149
170
123
176
173
175
133
158
147
130
160
126
172
152
120
124
133
150
152
142
133
125
167
146
168
177
166
130
170
134
136
182
166
142
110
122
181
133
183
164
144
145
124
137
166
148
139
168
177
135
202
151
157
151
170
136
166
166
143
207
152
160
180
157
149
125
167
149
177
135
152
186
153
140
160
152
136
114
127
121
178
159
161
173
140
178
149
145
110
142
199
155
147
122
183
169
163
114
159
151
169
139
121
139
146
141
160
166
184
185
148
125
117
151
154
144
151
117
164
157
143
136
174
177
137
197
179
153
123
129
187
162
169
176
177
134
155
137
154
132
158
113
165
182
103
162
191
172
115
178
126
141
174
121
145
160
152
144
161
161
126
142
178
169
131
154
119
176
145
176
179
145
136
100
144
182
163
184
141
190
182
135
166
135
158
136
144
135
143
181
156
147
128
164
108
147
158
98
157
105
147
128
127
148
168
155
155
153
125
177
195
136
139
179
148
181
137
199
141
137
201
169
153
117
149
176
143
165
125
146
139
175
115
162
129
124
136
175
137
141
118
139
166
141
157
150
128
136
140
110
129
169
134
129
134
126
151
122
141
140
174
155
150
160
128
131
120
129
136
114
181
172
169
132
130
152
111
143
174
166
150
146
162
110
110
178
105
164
156
165
176
190
172
175
154
184
143
171
162
186
142
186
188
143
152
131
157
162
120
107
151
147
142
137
144
144
144
159
134
168
119
171
150
116
112
155
134
108
128
176
151
185
154
129
137
145
140
144
137
130
102
136
158
167
121
162
147
119
142
142
166
176
126
152
186
150
113
145
114
161
156
131
125
188
121
162
154
186
161
162
141
156
168
164
119
117
111
150
134
160
162
106
161
156
142
122
130
124
143
107
175
129
144
155
146
157
129
139
132
132
127
127
124
131
197
148
134
175
120
169
154
130
120
158
171
149
158
169
140
142
152
95
138
138
164
96
163
131
113
160
145
132
169
176
175
118
120
134
161
143
143
197
139
139
141
164
94
148
135
169
157
173
137
179
173
147
112
120
124
164
131
133
152
171
119
106
146
143
152
142
109
153
117
178
109
131
135
131
125
133
137
124
141
129
136
137
122
117
125
148
176
123
141
158
149
124
130
102
134
156
134
133
169
148
142
144
125
106
161
173
187
160
119
163
227
126
179
116
138
152
155
177
196
142
160
148
141
166
150
147
142
189
135
130
136
130
146
118
110
139
107
143
160
138
118
139
117
122
138
117
114
146
131
123
157
170
135
125
148
139
133
127
124
176
161
168
151
121
111
175
123
126
118
132
163
157
108
137
176
146
168
151
123
149
141
168
161
128
139
115
135
153
162
149
122
144
148
162
141
158
149
167
141
124
128
158
141
176
156
139
153
102
167
99
142
126
163
105
162
148
129
131
139
125
158
135
128
118
159
186
146
121
164
102
142
149
109
145
143
157
162
113
125
169
138
152
126
149
133
163
112
128
165
124
146
141
167
125
161
110
130
129
158
166
150
132
119
132
102
124
159
155
148
160
148
133
122
123
136
152
147
115
140
198
144
147
111
124
144
154
142
122
150
146
138
141
114
122
153
136
132
114
140
150
101
129
149
153
149
148
120
121
152
138
169
128
154
122
160
129
122
134
155
134
105
136
122
147
139
101
117
138
153
154
142
122
133
126
116
152
122
138
144
151
149
139
172
156
176
155
119
139
90
129
220
104
157
119
150
166
143
136
161
173
126
125
147
133
154
127
113
144
125
156
133
168
110
134
170
151
148
138
139
143
114
151
134
137
154
150
153
112
191
131
111
139
130
122
134
127
149
179
141
115
116
127
131
146
115
168
158
177
153
148
147
139
133
156
129
127
141
159
129
122
140
178
117
150
150
159
132
119
149
119
163
115
166
117
137
125
174
162
105
143
116
125
116
144
135
153
124
138
135
133
150
137
160
147
148
123
135
170
118
155
133
133
155
158
141
122
155
136
128
148
150
122
119
106
131
139
136
190
103
116
142
135
129
137
150
125
148
141
123
163
164
166
167
154
123
119
141
115
139
109
117
181
101
115
94
123
138
152
149
154
103
118
124
112
170
169
88
121
102
168
120
115
135
176
122
109
89
126
164
131
138
149
125
135
107
152
113
129
123
153
95
106
122
133
146
120
113
118
133
132
172
131
154
110
138
185
99
118
129
148
169
133
122
175
160
152
151
143
116
157
160
123
123
150
134
163
160
133
163
130
185
133
114
142
166
127
126
137
122
203
105
104
159
133
101
167
125
164
108
156
141
144
127
137
139
119
150
128
138
126
102
112
128
121
123
114
143
143
81
130
125
125
164
152
125
152
123
116
141
138
102
159
185
146
111
125
131
153
105
114
158
141
136
140
147
98
119
115
132
110
131
116
131
146
119
148
150
119
156
130
131
125
114
119
124
138
150
123
166
117
155
103
125
141
129
131
135
163
138
141
117
126
131
132
140
164
124
145
142
133
96
122
156
139
120
116
153
168
123
139
161
127
127
136
118
143
136
168
143
171
153
126
128
122
153
135
138
122
140
123
141
138
95
124
134
147
138
146
151
128
118
136
116
158
133
133
126
114
120
147
141
120
100
158
134
143
165
163
117
115
121
122
142
109
142
119
117
110
117
128
127
146
122
150
114
133
139
115
105
129
116
185
112
152
136
111
151
102
140
97
168
126
144
101
143
139
132
149
146
125
126
135
135
146
118
100
100
104
158
121
132
116
176
142
112
134
139
147
128
130
145
148
179
124
145
137
144
103
147
77
171
156
105
132
192
119
152
132
125
130
151
127
142
147
126
120
87
132
110
129
134
124
134
123
137
114
111
118
159
114
145
100
134
109
113
103
127
135
134
128
140
110
147
128
149
105
136
108
123
153
127
116
151
131
116
116
154
125
139
113
117
118
118
163
113
88
138
142
111
110
91
151
121
147
121
136
112
112
105
92
139
133
122
145
125
168
110
127
124
139
123
115
135
107
124
109
118
105
120
117
123
120
145
109
121
130
151
120
124
143
137
107
142
121
132
142
101
164
116
111
106
98
129
101
183
159
163
136
151
150
113
122
115
139
140
145
125
133
112
133
127
154
148
118
128
134
113
123
110
96
125
114
141
115
107
131
151
147
134
103
131
115
113
133
117
137
92
112
157
130
127
109
125
108
125
130
107
143
124
111
138
142
127
124
109
119
124
86
156
130
108
97
133
108
119
134
134
129
112
108
141
141
118
137
150
136
159
106
148
155
111
160
114
116
123
122
138
86
131
128
125
121
159
143
171
124
141
157
111
101
126
121
128
128
143
158
77
125
149
129
133
151
159
102
125
93
135
126
106
143
130
81
154
148
118
137
102
112
116
164
123
128
135
137
136
107
127
140
138
173
92
123
102
179
107
152
120
128
144
104
104
127
118
123
118
131
118
132
142
95
112
118
95
126
118
112
144
110
147
122
120
102
118
104
155
148
126
98
97
116
118
128
145
99
129
132
136
129
135
143
103
122
113
113
139
123
104
109
145
148
144
89
138
91
78
109
88
128
104
151
166
97
108
92
141
129
119
114
141
139
91
112
84
98
118
74
136
130
130
135
136
104
130
107
104
116
116
119
142
144
135
102
115
135
135
93
117
117
146
128
109
118
107
118
112
102
122
88
107
124
140
120
113
123
130
122
139
106
85
165
108
132
131
116
131
146
103
106
159
148
137
120
108
119
136
99
146
116
115
121
144
134
111
116
149
102
112
140
112
141
120
143
133
115
109
104
125
128
133
119
131
112
84
119
123
116
115
125
134
123
152
120
96
106
117
123
126
113
130
152
137
108
141
121
144
123
119
99
124
131
105
116
136
98
153
125
133
142
110
113
110
128
120
87
134
109
134
130
93
127
129
150
94
125
92
118
104
121
110
89
131
114
118
143
157
113
136
120
142
124
110
129
114
93
129
108
100
125
144
141
116
126
120
118
115
117
162
124
133
126
118
116
127
130
151
141
121
100
120
136
93
120
126
93
121
113
166
104
114
156
120
126
122
99
127
114
103
97
117
114
135
116
111
91
125
139
139
107
174
108
122
106
137
142
114
87
129
130
127
154
81
102
124
152
132
140
142
143
122
94
107
127
97
112
151
114
138
105
167
133
138
149
101
133
100
133
94
138
100
125
146
84
111
113
132
144
140
141
115
114
103
100
129
121
133
103
145
106
114
115
92
127
135
130
108
108
107
108
138
102
126
121
118
150
107
88
90
119
90
132
111
131
109
106
138
111
106
127
100
104
104
129
97
118
117
144
136
96
118
139
131
135
118
112
117
97
118
95
110
134
132
129
115
153
90
113
185
111
158
108
129
151
126
103
140
102
142
108
98
163
98
97
109
111
113
157
134
147
111
122
142
125
83
116
128
112
106
152
103
120
128
110
139
112
108
109
123
93
124
118
128
118
108
108
87
112
109
121
112
92
104
112
132
138
111
103
108
135
126
115
111
166
130
128
136
137
104
126
104
124
124
110
107
94
113
103
86
110
111
142
104
84
131
131
129
139
115
116
147
128
104
130
107
101
95
99
119
131
113
109
128
94
91
123
108
164
119
116
133
118
115
126
131
105
98
103
112
131
117
109
131
126
111
117
124
116
118
119
103
112
136
101
93
132
111
101
102
121
126
126
122
112
114
102
104
132
140
93
145
112
112
114
161
117
96
134
99
117
97
150
75
110
138
79
132
103
93
101
124
103
120
124
124
119
94
123
135
130
97
135
111
129
117
88
112
94
132
114
122
87
91
114
104
118
125
114
107
128
130
140
118
109
126
113
122
126
118
122
124
119
113
108
143
115
118
121
93
112
120
164
140
140
117
113
96
139
100
134
107
88
100
109
116
100
103
113
99
126
114
120
124
104
102
97
100
147
103
83
66
126
110
115
145
104
135
119
105
112
97
103
92
120
158
107
94
116
144
112
124
89
91
158
133
96
133
112
133
127
149
133
114
128
115
134
69
109
129
101
134
130
127
99
114
120
112
105
116
114
132
107
107
135
115
122
98
116
156
125
113
138
135
94
76
121
111
123
119
115
102
103
109
120
108
121
143
90
90
127
85
125
103
85
96
98
105
82
118
117
100
103
84
125
92
115
99
115
132
101
113
120
118
127
99
109
119
137
100
115
80
108
67
109
78
119
123
111
95
125
99
165
109
80
145
137
83
119
145
87
132
109
127
94
124
126
103
120
131
108
153
111
141
106
134
100
141
86
115
152
84
126
137
119
126
113
114
129
109
91
141
85
93
88
93
107
118
88
84
162
104
119
100
120
124
108
90
100
113
112
109
91
93
82
100
123
142
128
117
112
117
117
122
132
124
94
85
108
128
116
119
116
114
103
109
85
160
100
116
110
120
106
109
98
94
116
108
97
120
113
160
109
85
129
108
86
115
95
100
143
75
100
123
114
84
97
156
164
132
72
115
121
105
94
130
89
117
111
89
154
116
128
100
106
98
112
107
129
130
104
100
77
118
116
114
102
117
114
115
98
120
126
92
102
109
100
99
100
118
131
87
97
118
102
116
115
107
93
141
131
105
112
97
96
98
120
123
118
95
126
75
123
67
139
136
108
95
97
119
93
119
126
123
122
115
115
105
119
121
138
108
124
107
124
101
128
134
106
111
110
84
101
96
91
96
106
109
89
76
140
120
102
89
96
118
99
131
94
120
144
112
102
144
96
85
115
146
143
96
90
121
108
86
141
110
156
129
122
92
114
132
119
108
118
109
106
98
65
85
102
109
86
103
142
116
84
135
128
102
109
120
100
84
107
99
88
131
123
93
98
95
104
102
113
95
99
105
122
131
103
93
103
118
125
107
119
73
140
115
121
108
122
116
111
124
136
133
108
99
91
70
122
109
118
120
114
82
106
165
112
93
98
106
135
106
116
104
107
135
107
86
101
88
100
149
94
98
82
123
113
90
151
104
99
101
103
118
90
109
113
107
112
139
139
129
86
90
138
89
112
130
94
110
122
121
116
100
95
143
108
91
114
124
124
98
103
133
130
136
153
92
84
107
108
136
133
97
122
111
97
115
105
91
105
119
115
100
113
86
93
122
64
82
110
78
69
114
111
116
86
147
111
85
127
103
119
86
141
105
140
88
117
96
104
112
95
154
118
97
119
95
107
92
94
87
107
71
137
108
93
111
102
104
115
98
141
117
97
101
116
110
73
122
101
96
111
110
94
103
67
103
118
104
107
154
100
115
111
117
92
93
99
114
120
113
97
102
88
113
98
106
101
99
114
107
109
130
102
101
109
106
96
97
129
88
97
121
87
108
97
133
83
99
85
96
104
81
111
116
118
80
98
93
101
129
127
102
110
98
107
128
123
108
85
85
108
99
117
105
116
125
129
113
94
95
132
103
115
114
104
81
110
86
105
102
110
81
93
84
91
111
122
116
128
117
101
110
114
129
91
121
89
117
107
111
121
96
92
113
93
101
105
114
108
123
127
117
82
131
81
156
101
83
125
85
82
94
104
106
94
83
75
104
105
112
104
129
97
93
91
106
119
84
99
128
97
137
116
125
101
88
107
109
87
108
99
77
117
114
133
123
104
107
88
111
103
112
96
102
110
110
103
122
115
109
120
100
94
101
86
119
114
96
111
140
91
103
124
103
91
79
116
141
103
71
104
122
122
90
86
76
112
106
106
127
82
75
93
101
99
95
108
106
108
83
112
85
113
90
121
114
107
116
126
117
122
89
98
73
103
98
98
105
95
115
120
109
111
117
130
87
128
115
106
102
133
84
130
119
90
133
102
98
108
91
142
97
90
82
98
109
110
90
84
107
91
108
126
94
111
101
125
101
114
90
99
113
105
109
111
82
107
90
130
97
113
118
100
126
107
82
89
141
116
92
122
104
107
109
116
83
123
122
98
154
80
85
105
110
113
108
94
94
102
105
124
97
125
104
100
103
89
75
116
101
105
93
112
105
123
85
110
104
115
120
107
128
108
125
116
83
92
125
99
134
95
117
93
124
89
109
116
85
119
113
76
85
116
95
84
102
82
104
103
99
98
117
113
109
112
76
82
104
104
85
106
101
124
132
108
112
103
95
93
105
91
88
92
74
110
109
99
106
138
112
89
89
69
99
113
73
64
112
113
113
86
85
110
116
118
101
119
106
87
84
114
82
93
109
116
103
91
131
102
94
89
116
120
115
86
67
105
117
112
112
111
69
103
89
93
68
111
93
70
94
85
96
78
114
115
88
75
127
116
146
97
101
84
74
110
72
101
110
112
72
105
95
119
128
99
105
73
98
103
120
113
93
137
87
113
125
101
96
122
73
113
91
122
92
132
124
112
122
102
112
102
95
88
86
118
102
117
103
87
105
87
129
91
93
112
98
104
110
88
84
136
88
115
99
101
120
94
98
102
106
69
91
113
72
100
106
91
119
80
93
118
117
104
111
106
98
112
100
101
118
86
82
115
95
117
96
116
117
85
86
98
106
121
97
101
114
92
101
74
89
102
104
90
102
71
93
79
117
94
77
84
96
89
80
109
88
95
103
102
64
95
72
118
104
109
112
97
100
135
109
83
57
94
88
75
113
100
73
69
111
111
94
71
100
101
90
106
90
106
100
94
75
91
107
87
91
110
95
121
112
93
109
139
157
84
84
89
99
109
108
94
144
106
112
115
72
77
96
71
104
104
72
115
119
103
99
72
104
103
115
82
119
87
137
95
95
98
99
102
89
79
119
80
104
107
79
80
96
97
86
101
104
82
138
96
105
115
113
104
105
88
104
60
58
123
84
68
107
100
108
92
114
112
93
98
117
91
105
113
99
95
81
116
107
112
76
90
70
96
94
101
86
100
72
85
118
86
125
98
102
101
91
109
120
116
87
100
79
102
107
75
97
57
112
90
106
96
98
98
113
117
107
91
96
144
71
105
75
72
127
95
103
81
99
103
87
107
111
100
105
102
99
76
71
126
114
77
91
97
104
96
93
129
80
83
136
111
84
110
86
108
110
109
86
92
81
118
108
76
109
79
92
79
70
109
95
85
98
78
116
61
93
84
97
94
107
85
62
76
98
86
73
88
149
105
104
88
102
68
92
98
98
81
94
107
130
80
88
106
80
167
99
79
102
68
108
100
75
87
121
79
108
102
125
130
87
87
87
112
101
85
114
93
71
69
68
83
87
105
98
64
90
80
116
101
65
109
81
99
79
70
84
82
84
118
82
102
92
97
109
114
69
73
95
101
92
89
94
100
71
69
56
85
78
156
146
92
78
77
71
104
97
102
96
107
114
102
99
91
104
75
75
70
77
91
92
101
99
73
84
88
76
113
109
98
105
76
73
92
82
75
108
83
85
60
65
60
97
83
112
68
85
71
129
96
118
67
83
81
102
64
98
110
82
75
71
98
85
73
102
83
68
95
112
91
72
96
67
84
76
96
98
108
93
65
85
69
81
105
77
82
89
84
95
92
87
72
48
87
76
70
86
74
73
88
98
54
93
111
118
84
92
90
87
71
73
76
82
71
94
52
85
90
87
105
85
90
71
45
70
78
115
77
71
73
71
43
83
63
87
107
85
91
86
69
104
74
92
78
71
97
72
77
102
92
70
90
90
79
75
74
69
90
91
62
83
99
89
58
66
101
98
104
76
83
69
67
87
102
96
75
83
74
85
75
92
99
61
72
81
62
89
78
67
96
43
83
70
87
69
70
72
84
72
77
82
55
71
105
93
70
94
65
56
86
65
70
72
72
81
67
70
80
71
95
64
73
59
72
80
70
84
62
71
63
60
73
77
68
80
67
74
94
84
64
79
85
63
63
75
71
95
68
85
76
55
48
84
50
62
71
83
79
70
93
50
62
63
66
51
25
59
74
72
40
85
56
56
102
50
75
78
62
89
50
63
54
61
35
58
64
63
53
66
38
41
26
36
44
44
32
34
33
52
32
32
33
24
0
25
1
28
20
25
25
30
12
33
20
